49
D51             0.000000000 2.624270440 3.330601166 3.215851500 3.356340770 3.770514797 3.325268355 2.641441943 3.979986408 2.529792399 3.360109903 3.272626236 3.060884202 3.361009421 3.137203605 2.884544157 3.028712693 2.562770361 3.471214742 2.762526209 3.010995776 3.511094580 3.586710744 3.512285658 3.398299575 8.999999955 5.284599542 3.089465034 8.999999966 8.999999976 2.805392940 8.999999977 3.398086701 3.309091130 3.308956433 3.313923483 3.975189759 4.355286392 4.355353241 4.355353840 3.619446757 5.284599542 4.478795667 3.036270000 3.925836782 3.101486797 4.204913662 4.390293530 3.330550804 
D62             2.624270440 0.000000000 1.656456712 2.565098848 2.673113756 2.542536845 2.576488458 2.209789714 8.999999969 2.553862509 3.345920175 3.250663660 3.091792608 3.346903818 3.102974676 1.655000783 1.977310959 2.133875623 2.890569248 1.657078301 1.653224391 3.467038234 3.342280468 3.468367661 3.342280468 3.692823457 2.897437606 1.654811984 2.900287413 8.999999965 1.655302330 3.205685252 2.017699475 2.645480027 2.883507153 2.762009804 2.498561489 3.150737215 2.883507153 2.943634604 3.015904341 2.897437606 2.853460586 3.128863304 2.227938933 3.627922367 3.322345847 3.082927531 2.222640687 
D71             3.330601166 1.656456712 0.000000000 2.969194162 2.914913164 3.412839889 2.340682356 2.212524049 8.999999967 2.396917957 3.534041190 3.801943642 3.303298341 3.608531497 3.432531203 2.598227035 2.602972296 2.314180307 3.763379710 1.977111532 7.094141712 4.231654536 4.326712039 4.234702046 3.988215730 8.999999974 3.985054970 2.222025628 4.941124457 8.999999968 2.599336785 8.999999963 2.800399276 3.845940793 4.472558760 5.054966076 4.097179061 5.581856840 4.472558760 4.568411650 4.642113356 3.985054970 3.664028869 3.429193991 3.050303541 4.920994814 4.166705111 3.562000094 8.999999958 
D72             3.215851500 2.565098848 2.969194162 0.000000000 2.582735577 3.067408288 2.687534318 2.654126678 3.212611896 2.654638463 2.867936319 3.010676971 2.727621036 2.882055134 2.759632492 2.896578858 2.863247901 3.331728987 3.236773326 2.636581217 2.565563922 2.971275918 3.057107129 2.971969334 2.896261766 2.725248777 2.017890001 2.794132217 2.902929014 4.663135950 2.819179165 3.105545070 3.256449593 2.429771055 2.568304736 2.288069673 2.820604613 2.568295118 2.371552803 2.426325642 2.501960153 2.017890001 2.430113418 2.812721424 3.212660691 3.437322328 2.944788261 1.978932522 3.096775152 
D75             3.356340770 2.673113756 2.914913164 2.582735577 0.000000000 2.559267370 2.121910637 2.372827398 4.031436479 2.532412456 2.922963300 3.119560301 2.828030053 3.058431306 2.871296851 2.958841214 3.190772541 2.879209495 3.036665506 2.659529606 2.987296547 3.196284192 3.278997630 3.197184621 3.104663169 3.410508028 2.726783168 2.838697971 2.765427867 4.596068340 2.428506585 2.732218982 3.192812028 2.490333275 2.888950342 2.564956488 2.501086636 2.888938618 2.649186186 2.708791752 2.625496393 2.726783168 2.763788917 2.863352119 3.158672086 3.566397202 3.070503430 2.572676698 3.192421301 
P187            3.770514797 2.542536845 3.412839889 3.067408288 2.559267370 0.000000000 2.919652695 2.675492743 8.999999965 2.524869650 8.999999968 8.999999975 5.761378692 8.999999961 8.999999966 4.122053324 3.570203383 3.066843025 8.999999961 3.047870200 3.082778590 8.999999971 8.999999971 8.999999970 8.999999971 8.999999971 8.999999962 3.407950671 8.999999969 8.999999975 2.541387759 8.999999975 8.999999954 4.811157076 8.999999957 8.999999969 4.496744162 8.999999957 4.810894838 8.999999957 5.092730082 8.999999962 4.133956947 4.410047207 8.999999968 8.999999966 4.103780288 8.999999962 8.999999968 
P212            3.325268355 2.576488458 2.340682356 2.687534318 2.121910637 2.919652695 0.000000000 2.492183966 2.810819647 2.659341926 3.094830553 3.015747882 2.882660007 2.945737479 2.875733990 2.403889511 2.428791147 2.584853901 2.666259307 2.340197902 2.244526558 3.107871790 3.194645409 3.108715806 3.020182320 3.166599717 2.458188799 2.340178849 3.900730367 3.760381326 2.301172898 3.015331253 2.782423984 2.947647764 3.093876922 3.203512719 2.787390964 3.093863785 2.826245127 2.887812046 2.962842482 2.458188799 2.481951695 2.663580620 2.580828107 3.415059060 3.230691732 2.370810607 2.581436483 
P387            2.641441943 2.209789714 2.212524049 2.654126678 2.372827398 2.675492743 2.492183966 0.000000000 2.721532206 2.341965837 3.300727449 3.734125575 3.282662989 3.301523925 3.308913192 2.141610869 2.215383649 2.371668527 2.371418216 2.086823038 2.124314627 3.329915247 3.568890172 3.501412211 3.398519606 3.509315128 2.808531209 2.112426269 3.250993131 3.158646500 2.174702443 3.152534400 2.560076234 2.901901227 3.083950463 3.146596688 3.093391035 3.283961507 3.083950463 3.126168931 3.175171676 2.808531209 2.661992359 3.241937687 2.612529248 4.637230244 5.922765103 2.729348856 2.252481375 
R36             3.979986408 8.999999969 8.999999967 3.212611896 4.031436479 8.999999965 2.810819647 2.721532206 0.000000000 2.208372818 3.698726006 3.954302843 3.450423378 3.765459093 3.593758953 8.999999957 7.769929704 2.557005699 8.999999965 8.108128469 8.999999962 4.786043882 4.876569629 4.790560160 4.455910639 8.999999971 8.999999958 8.999999963 8.999999971 8.999999972 8.999999968 8.999999965 8.999999955 8.999999970 8.999999974 8.999999962 8.999999971 8.999999970 8.999999974 8.999999977 8.999999970 8.999999958 8.999999976 3.482779529 8.999999974 8.999999972 8.999999974 8.999999976 8.999999969 
Reference       2.529792399 2.553862509 2.396917957 2.654638463 2.532412456 2.524869650 2.659341926 2.341965837 2.208372818 0.000000000 2.643934669 2.690168315 2.666362237 2.688686604 2.674401923 2.421569045 2.397038063 2.426680587 2.346304409 2.458695099 2.456832821 2.700094300 2.771235302 2.744921110 2.726670566 2.792374780 2.551341874 2.387575624 2.641215657 2.594595378 2.330614290 2.655546781 2.477537890 2.555007636 2.623379764 2.719690801 2.682561471 2.674124809 2.623379764 2.636747744 2.618288817 2.551341874 2.553131195 2.680391665 2.232303746 2.785480838 3.071811423 2.569966096 2.380176615 
SAMEA3713711    3.360109903 3.345920175 3.534041190 2.867936319 2.922963300 8.999999968 3.094830553 3.300727449 3.698726006 2.643934669 0.000000000 8.999999970 1.638133713 0.000000023 2.948665319 3.202460413 3.161926586 3.160015637 3.307604003 3.093884523 3.249734185 2.353257678 2.876742736 2.353189624 2.353212427 3.576935851 3.147110705 3.238066978 3.006853149 4.526138715 3.287072542 3.697290403 3.702101295 3.097997840 3.253923044 2.903482730 3.272311245 3.253915610 3.097971615 3.131077826 3.169702102 3.147110705 3.098266963 2.502440104 3.559286638 8.999999972 3.017858401 3.048002457 3.572056366 
SAMEA3713712    3.272626236 3.250663660 3.801943642 3.010676971 3.119560301 8.999999975 3.015747882 3.734125575 3.954302843 2.690168315 8.999999970 0.000000000 6.341231255 8.999999970 6.452646216 3.414777528 3.358555868 3.341400681 3.647355419 3.279283912 3.320936952 2.646072952 3.142814830 2.646009825 2.646030984 3.843520936 3.443040922 3.447828839 3.234834237 4.995772127 3.348317452 4.043254903 3.996750638 3.317239380 3.485925258 3.118256166 3.527178915 3.485917215 3.317211490 3.349768263 3.385662075 3.443040922 3.364882837 2.883656459 3.456158051 8.999999970 3.250890451 3.318682633 3.837315119 
SAMEA3713713    3.060884202 3.091792608 3.303298341 2.727621036 2.828030053 5.761378692 2.882660007 3.282662989 3.450423378 2.666362237 1.638133713 6.341231255 0.000000000 1.637904760 2.465701179 3.058571458 3.032622993 3.039462701 3.247675745 2.980018624 3.157369582 2.163113583 2.514939301 2.102618264 2.163081590 3.340101872 2.970559194 3.090367583 2.944897815 3.977804746 2.997978787 3.386146169 3.424720097 2.966480445 3.091040665 2.804302028 3.093698715 3.091034756 2.966459129 2.994623686 3.028768227 2.970559194 2.944324989 2.395660064 3.325600138 8.999999972 2.638126170 2.901435576 3.336885465 
SAMEA3713714    3.361009421 3.346903818 3.608531497 2.882055134 3.058431306 8.999999961 2.945737479 3.301523925 3.765459093 2.688686604 0.000000023 8.999999970 1.637904760 0.000000000 2.948510259 3.270126103 3.225688493 3.219019973 3.492710489 3.155599108 3.321830713 2.354190123 2.878983356 2.354144611 2.354167456 3.785600709 3.241947029 3.304077353 3.167246504 4.608285236 3.203286199 3.785906725 3.778280478 3.254791907 3.425032825 2.914900514 3.350858317 3.425024697 3.254763672 3.288478396 3.326223826 3.241947029 3.185671614 2.647042051 3.632543977 8.999999960 2.795844666 3.138305371 3.527981286 
SAMEA3713715    3.137203605 3.102974676 3.432531203 2.759632492 2.871296851 8.999999966 2.875733990 3.308913192 3.593758953 2.674401923 2.948665319 6.452646216 2.465701179 2.948510259 0.000000000 3.134382118 3.100230391 3.044452871 3.348951623 3.038178519 3.173908892 1.880891205 2.255007238 1.851903023 1.880856366 3.473808922 3.058031382 3.169221317 3.015123848 4.297592850 3.067080345 3.560261831 3.582766136 3.032631198 3.177577013 2.848208386 3.188191589 3.177570109 3.032606642 3.064320825 3.101998850 3.058031382 3.019928808 2.163384663 3.457192451 8.999999976 2.410355759 2.971332590 3.469606419 
SAMEA3937653    2.884544157 1.655000783 2.598227035 2.896578858 2.958841214 4.122053324 2.403889511 2.141610869 8.999999957 2.421569045 3.202460413 3.414777528 3.058571458 3.270126103 3.134382118 0.000000000 2.592458522 2.366568682 8.999999971 1.653117829 1.642374197 3.596197592 3.677414785 3.597603579 3.466313737 5.640529264 3.868766718 1.637965795 3.886976269 8.999999963 0.000000023 8.999999965 3.113618346 3.182249054 3.547833788 4.112744445 3.211398447 4.010418627 3.547833788 4.010418627 3.695875512 3.868766718 3.565284609 2.982024477 3.675937867 3.861066962 3.323057959 3.454774420 8.999999971 
SAMEA3937654    3.028712693 1.977310959 2.602972296 2.863247901 3.190772541 3.570203383 2.428791147 2.215383649 7.769929704 2.397038063 3.161926586 3.358555868 3.032622993 3.225688493 3.100230391 2.592458522 0.000000000 1.920119050 3.107861474 1.976501465 2.590250050 3.505756768 3.581167842 3.506937570 3.393770399 5.765387153 3.561897186 2.220200587 4.940827562 8.999999965 2.593795647 4.949313275 2.968560046 3.337328637 3.694835470 4.211442699 3.675615193 4.149271838 3.694835470 3.762980702 3.829100362 3.561897186 3.380812333 2.961247965 3.254628283 3.756301124 3.384409707 3.286444591 8.399756690 
SAMEA5054089    2.562770361 2.133875623 2.314180307 3.331728987 2.879209495 3.066843025 2.584853901 2.371668527 2.557005699 2.426680587 3.160015637 3.341400681 3.039462701 3.219019973 3.044452871 2.366568682 1.920119050 0.000000000 2.431059384 2.017939841 2.226377705 3.369203323 3.435361345 3.370087469 3.281855443 4.005797198 3.021122322 2.133435352 3.262849274 3.767541459 2.226726309 3.550022573 2.605590045 2.993380410 3.216723417 3.174514115 3.114586422 3.469840853 3.216723417 3.266432807 3.321859639 3.021122322 2.969789955 3.018769573 2.847396249 4.022310389 3.681105424 2.896168491 2.604572252 
SAMEA5054090    3.471214742 2.890569248 3.763379710 3.236773326 3.036665506 8.999999961 2.666259307 2.371418216 8.999999965 2.346304409 3.307604003 3.647355419 3.247675745 3.492710489 3.348951623 8.999999971 3.107861474 2.431059384 0.000000000 2.605001369 8.999999972 3.914542614 3.991545159 3.916381635 3.754942598 8.999999966 4.184642737 8.999999967 3.671643398 8.999999974 2.222699289 8.999999972 3.621088350 3.408761980 4.142896695 4.383592162 3.845540938 4.772148258 4.142896695 4.216021625 3.891895168 4.184642737 3.837623394 3.353148349 3.433155372 4.364531235 3.296105817 3.748968569 8.999999968 
SAMEA5054092    2.762526209 1.657078301 1.977111532 2.636581217 2.659529606 3.047870200 2.340197902 2.086823038 8.108128469 2.458695099 3.093884523 3.279283912 2.980018624 3.155599108 3.038178519 1.653117829 1.976501465 2.017939841 2.605001369 0.000000000 1.642147004 3.394011891 3.466330334 3.395008574 3.296679868 4.273452686 2.998001484 1.654758748 3.295863208 4.392672731 1.653647253 3.300783885 2.467645450 2.972403880 3.231668297 3.184127777 2.960493550 3.531908151 3.231668297 3.289468451 3.353215081 2.998001484 2.940585035 3.065002128 2.738167261 3.820303664 3.121015495 2.851669009 2.221946613 
SAMEA5054093    3.010995776 1.653224391 7.094141712 2.565563922 2.987296547 3.082778590 2.244526558 2.124314627 8.999999962 2.456832821 3.249734185 3.320936952 3.157369582 3.321830713 3.173908892 1.642374197 2.590250050 2.226377705 8.999999972 1.642147004 0.000000000 3.708481418 3.554568308 3.710213420 3.554568308 5.566027959 3.341061055 1.651076736 4.695404693 8.999999973 1.643845816 4.743913555 3.114780247 3.387175278 3.848050033 4.006926619 3.476020796 4.491368966 3.848050033 3.933039575 4.011202794 3.341061055 2.898616929 3.067689948 2.366811016 3.643207598 3.077749430 3.341061055 7.088302333 
SAMEA5818798    3.511094580 3.467038234 4.231654536 2.971275918 3.196284192 8.999999971 3.107871790 3.329915247 4.786043882 2.700094300 2.353257678 2.646072952 2.163113583 2.354190123 1.880891205 3.596197592 3.505756768 3.369203323 3.914542614 3.394011891 3.708481418 0.000000000 0.000000023 1.637690112 0.000000023 4.288866175 3.753568130 3.636884257 3.520276117 8.999999963 3.511323710 4.889418916 4.601333711 3.473652218 3.717261598 3.100481691 3.809896042 3.717249734 3.473613155 3.516566509 3.561644258 3.753568130 3.593496732 2.315216192 4.259290542 8.999999960 6.729681319 3.530866402 4.029030744 
SAMEA5818799    3.586710744 3.342280468 4.326712039 3.057107129 3.278997630 8.999999971 3.194645409 3.568890172 4.876569629 2.771235302 2.876742736 3.142814830 2.514939301 2.878983356 2.255007238 3.677414785 3.581167842 3.435361345 3.991545159 3.466330334 3.554568308 0.000000023 0.000000000 8.999999954 0.000000023 4.381912525 3.879229090 3.715854048 3.621070000 8.999999971 3.596298922 5.019752315 4.703044837 3.561654589 3.805779331 3.188697099 3.908687028 3.805767444 3.561615620 3.603055510 3.645597886 3.879229090 3.705495379 2.655521115 4.352255663 8.999999965 8.999999957 3.647220105 4.115033692 
SAMEA5818800    3.512285658 3.468367661 4.234702046 2.971969334 3.197184621 8.999999970 3.108715806 3.501412211 4.790560160 2.744921110 2.353189624 2.646009825 2.102618264 2.354144611 1.851903023 3.597603579 3.506937570 3.370087469 3.916381635 3.395008574 3.710213420 1.637690112 8.999999954 0.000000000 1.637461949 4.291997986 3.756162631 3.638310910 3.371173323 8.999999963 3.512666087 4.896479019 4.605757497 3.474986380 3.719005151 3.101332029 3.812038615 3.718993266 3.474947260 3.517941576 3.563045491 3.756162631 3.595446448 2.240447099 4.262342045 5.465314343 6.727558693 3.532761397 4.031324574 
SAMEA5818801    3.398299575 3.342280468 3.988215730 2.896261766 3.104663169 8.999999971 3.020182320 3.398519606 4.455910639 2.726670566 2.353212427 2.646030984 2.163081590 2.354167456 1.880856366 3.466313737 3.393770399 3.281855443 3.754942598 3.296679868 3.554568308 0.000000023 0.000000023 1.637461949 0.000000000 4.040694879 3.532775760 3.505983600 3.371184058 6.319666311 3.385369208 4.414546742 4.273777160 3.347714971 3.561625951 3.012033935 3.624553314 3.561615620 3.347680125 3.387862271 3.431539294 3.532775760 3.418801875 2.315185660 4.015987358 8.999999957 6.728624149 3.359186472 3.836421877 
SAMEA5818803    8.999999955 3.692823457 8.999999974 2.725248777 3.410508028 8.999999971 3.166599717 3.509315128 8.999999971 2.792374780 3.576935851 3.843520936 3.340101872 3.785600709 3.473808922 5.640529264 5.765387153 4.005797198 8.999999966 4.273452686 5.566027959 4.288866175 4.381912525 4.291997986 4.040694879 0.000000000 8.999999959 5.695304109 8.999999975 8.999999963 4.633861180 8.999999967 8.999999960 8.999999955 8.999999976 3.114676795 3.479296655 8.999999976 8.999999976 8.999999976 3.477968304 8.999999959 8.999999977 3.375350385 8.999999974 4.502360328 4.243005526 4.835052554 8.999999972 
SAMEA5818805    5.284599542 2.897437606 3.985054970 2.017890001 2.726783168 8.999999962 2.458188799 2.808531209 8.999999958 2.551341874 3.147110705 3.443040922 2.970559194 3.241947029 3.058031382 3.868766718 3.561897186 3.021122322 4.184642737 2.998001484 3.341061055 3.753568130 3.879229090 3.756162631 3.532775760 8.999999959 0.000000000 3.454660501 8.999999960 8.999999967 3.339877631 8.999999971 8.999999970 2.945948190 3.628877177 2.762712502 3.300174315 3.628839660 2.945846379 3.079058688 3.226986672 0.000000023 2.597233966 3.016171918 8.999999976 4.154992811 3.254694945 1.637386845 4.777007808 
SAMEA5818806    3.089465034 1.654811984 2.222025628 2.794132217 2.838697971 3.407950671 2.340178849 2.112426269 8.999999963 2.387575624 3.238066978 3.447828839 3.090367583 3.304077353 3.169221317 1.637965795 2.220200587 2.133435352 8.999999967 1.654758748 1.651076736 3.636884257 3.715854048 3.638310910 3.505983600 5.695304109 3.454660501 0.000000000 3.997703743 8.999999955 1.639548942 4.843072788 2.798152794 3.261428772 3.622272556 3.672823760 3.305954824 4.079741448 3.622272556 3.693070969 3.762928242 3.454660501 3.288593588 3.123458819 3.046320998 4.125369451 3.383182443 3.186727872 6.943137799 
SAMEA5818808    8.999999966 2.900287413 4.941124457 2.902929014 2.765427867 8.999999969 3.900730367 3.250993131 8.999999971 2.641215657 3.006853149 3.234834237 2.944897815 3.167246504 3.015123848 3.886976269 4.940827562 3.262849274 3.671643398 3.295863208 4.695404693 3.520276117 3.621070000 3.371173323 3.371184058 8.999999975 8.999999960 3.997703743 0.000000000 8.999999968 3.238177626 8.999999966 8.999999960 8.999999963 8.999999974 2.226220876 2.226124691 8.999999974 8.999999962 8.999999974 8.999999976 8.999999960 4.428344095 3.126542227 8.999999970 3.622295465 3.513578030 4.229503438 4.653435609 
SAMEA5818809    8.999999976 8.999999965 8.999999968 4.663135950 4.596068340 8.999999975 3.760381326 3.158646500 8.999999972 2.594595378 4.526138715 4.995772127 3.977804746 4.608285236 4.297592850 8.999999963 8.999999965 3.767541459 8.999999974 4.392672731 8.999999973 8.999999963 8.999999971 8.999999963 6.319666311 8.999999963 8.999999967 8.999999955 8.999999968 0.000000000 8.999999959 8.999999974 8.999999973 8.999999968 8.999999968 8.999999960 8.999999970 8.999999957 8.999999968 8.999999968 8.999999970 8.999999967 8.999999970 4.181462815 8.999999968 8.999999957 8.999999970 8.999999975 8.999999961 
SAMEA5818811    2.805392940 1.655302330 2.599336785 2.819179165 2.428506585 2.541387759 2.301172898 2.174702443 8.999999968 2.330614290 3.287072542 3.348317452 2.997978787 3.203286199 3.067080345 0.000000023 2.593795647 2.226726309 2.222699289 1.653647253 1.643845816 3.511323710 3.596298922 3.512666087 3.385369208 4.633861180 3.339877631 1.639548942 3.238177626 8.999999959 0.000000000 3.867511303 2.601976581 2.943502666 3.252472722 4.004883465 2.923313726 3.621376546 3.252472722 3.621376546 3.396447743 3.339877631 2.897929388 3.033233322 8.110711823 3.632351414 3.022578739 3.079824662 8.999999975 
SAMEA5818815    8.999999977 3.205685252 8.999999963 3.105545070 2.732218982 8.999999975 3.015331253 3.152534400 8.999999965 2.655546781 3.697290403 4.043254903 3.386146169 3.785906725 3.560261831 8.999999965 4.949313275 3.550022573 8.999999972 3.300783885 4.743913555 4.889418916 5.019752315 4.896479019 4.414546742 8.999999967 8.999999971 4.843072788 8.999999966 8.999999974 3.867511303 0.000000000 8.999999969 8.999999967 8.999999955 4.595066206 4.399010382 8.999999954 8.999999962 8.999999968 8.999999960 8.999999971 8.999999955 3.427465141 8.999999962 4.970912457 4.486225965 8.999999972 8.999999974 
SAMEA5818817    3.398086701 2.017699475 2.800399276 3.256449593 3.192812028 8.999999954 2.782423984 2.560076234 8.999999955 2.477537890 3.702101295 3.996750638 3.424720097 3.778280478 3.582766136 3.113618346 2.968560046 2.605590045 3.621088350 2.467645450 3.114780247 4.601333711 4.703044837 4.605757497 4.273777160 8.999999960 8.999999970 2.798152794 8.999999960 8.999999973 2.601976581 8.999999969 0.000000000 5.126638863 8.999999955 8.999999962 8.999999975 8.999999966 8.999999955 8.999999966 8.999999971 8.999999970 8.999999966 3.461022705 7.497952559 4.609164710 4.163416855 8.999999965 3.961833169 
SAMEA5818818    3.309091130 2.645480027 3.845940793 2.429771055 2.490333275 4.811157076 2.947647764 2.901901227 8.999999970 2.555007636 3.097997840 3.317239380 2.966480445 3.254791907 3.032631198 3.182249054 3.337328637 2.993380410 3.408761980 2.972403880 3.387175278 3.473652218 3.561654589 3.474986380 3.347714971 8.999999955 2.945948190 3.261428772 8.999999963 8.999999968 2.943502666 8.999999967 5.126638863 0.000000000 0.000000023 0.000000023 1.640381256 0.000000023 0.000000023 0.000000023 1.638215358 2.945948190 2.869080011 3.002756823 5.324438779 3.640756545 3.272000370 2.724172945 3.845865295 
SAMEA5818821    3.308956433 2.883507153 4.472558760 2.568304736 2.888950342 8.999999957 3.093876922 3.083950463 8.999999974 2.623379764 3.253923044 3.485925258 3.091040665 3.425032825 3.177577013 3.547833788 3.694835470 3.216723417 4.142896695 3.231668297 3.848050033 3.717261598 3.805779331 3.719005151 3.561625951 8.999999976 3.628877177 3.622272556 8.999999974 8.999999968 3.252472722 8.999999955 8.999999955 0.000000023 0.000000000 1.640271476 1.640152990 0.000000023 0.000000023 0.000000023 1.637873262 3.628877177 3.358629255 3.126868321 8.999999963 3.824752849 3.568956128 3.224065889 4.472448991 
SAMEA5818822    3.313923483 2.762009804 5.054966076 2.288069673 2.564956488 8.999999969 3.203512719 3.146596688 8.999999962 2.719690801 2.903482730 3.118256166 2.804302028 2.914900514 2.848208386 4.112744445 4.211442699 3.174514115 4.383592162 3.184127777 4.006926619 3.100481691 3.188697099 3.101332029 3.012033935 3.114676795 2.762712502 3.672823760 2.226220876 8.999999960 4.004883465 4.595066206 8.999999962 0.000000023 1.640271476 0.000000000 1.651070434 1.640271476 1.640271476 1.640271476 1.650500535 2.762712502 2.726041106 2.895845238 8.999999972 3.205687765 3.002006052 2.561495915 5.054619096 
SAMEA5818825    3.975189759 2.498561489 4.097179061 2.820604613 2.501086636 4.496744162 2.787390964 3.093391035 8.999999971 2.682561471 3.272311245 3.527178915 3.093698715 3.350858317 3.188191589 3.211398447 3.675615193 3.114586422 3.845540938 2.960493550 3.476020796 3.809896042 3.908687028 3.812038615 3.624553314 3.479296655 3.300174315 3.305954824 2.226124691 8.999999970 2.923313726 4.399010382 8.999999975 1.640381256 1.640152990 1.651070434 0.000000000 1.640152990 1.640152990 1.640268307 0.000000023 3.300174315 3.105531294 3.132146020 8.999999975 3.899579428 3.272105688 2.943978687 4.097008050 
SAMEA5818826    4.355286392 3.150737215 5.581856840 2.568295118 2.888938618 8.999999957 3.093863785 3.283961507 8.999999970 2.674124809 3.253915610 3.485917215 3.091034756 3.425024697 3.177570109 4.010418627 4.149271838 3.469840853 4.772148258 3.531908151 4.491368966 3.717249734 3.805767444 3.718993266 3.561615620 8.999999976 3.628839660 4.079741448 8.999999974 8.999999957 3.621376546 8.999999954 8.999999966 0.000000023 0.000000023 1.640271476 1.640152990 0.000000000 0.000000023 0.000000023 1.637758618 3.628839660 3.358603838 3.126862439 8.999999973 4.031626934 3.568941478 3.224039957 5.581623746 
SAMEA5818828    4.355353241 2.883507153 4.472558760 2.371552803 2.649186186 4.810894838 2.826245127 3.083950463 8.999999974 2.623379764 3.097971615 3.317211490 2.966459129 3.254763672 3.032606642 3.547833788 3.694835470 3.216723417 4.142896695 3.231668297 3.848050033 3.473613155 3.561615620 3.474947260 3.347680125 8.999999976 2.945846379 3.622272556 8.999999962 8.999999968 3.252472722 8.999999962 8.999999955 0.000000023 0.000000023 1.640271476 1.640152990 0.000000023 0.000000000 0.000000023 1.637873262 2.945846379 2.869002800 3.002735639 8.999999963 3.824752849 3.271976607 2.724092915 4.472448991 
SAMEA5818829    4.355353840 2.943634604 4.568411650 2.426325642 2.708791752 8.999999957 2.887812046 3.126168931 8.999999977 2.636747744 3.131077826 3.349768263 2.994623686 3.288478396 3.064320825 4.010418627 3.762980702 3.266432807 4.216021625 3.289468451 3.933039575 3.516566509 3.603055510 3.517941576 3.387862271 8.999999976 3.079058688 3.693070969 8.999999974 8.999999968 3.621376546 8.999999968 8.999999966 0.000000023 0.000000023 1.640271476 1.640268307 0.000000023 0.000000023 0.000000000 1.637873916 3.079058688 2.973078818 3.030390828 8.999999974 3.856474253 3.328268588 2.836749060 4.568299585 
SAMEA5818830    3.619446757 3.015904341 4.642113356 2.501960153 2.625496393 5.092730082 2.962842482 3.175171676 8.999999970 2.618288817 3.169702102 3.385662075 3.028768227 3.326223826 3.101998850 3.695875512 3.829100362 3.321859639 3.891895168 3.353215081 4.011202794 3.561644258 3.645597886 3.563045491 3.431539294 3.477968304 3.226986672 3.762928242 8.999999976 8.999999970 3.396447743 8.999999960 8.999999971 1.638215358 1.637873262 1.650500535 0.000000023 1.637758618 1.637873262 1.637873916 0.000000000 3.226986672 3.093898816 3.063620874 8.999999959 3.887048116 3.389757428 2.971194891 4.642001873 
SAMEA6637002    5.284599542 2.897437606 3.985054970 2.017890001 2.726783168 8.999999962 2.458188799 2.808531209 8.999999958 2.551341874 3.147110705 3.443040922 2.970559194 3.241947029 3.058031382 3.868766718 3.561897186 3.021122322 4.184642737 2.998001484 3.341061055 3.753568130 3.879229090 3.756162631 3.532775760 8.999999959 0.000000023 3.454660501 8.999999960 8.999999967 3.339877631 8.999999971 8.999999970 2.945948190 3.628877177 2.762712502 3.300174315 3.628839660 2.945846379 3.079058688 3.226986672 0.000000000 2.597233966 3.016171918 8.999999976 4.154992811 3.254694945 1.637386845 4.777007808 
SAMEA6637004    4.478795667 2.853460586 3.664028869 2.430113418 2.763788917 4.133956947 2.481951695 2.661992359 8.999999976 2.553131195 3.098266963 3.364882837 2.944324989 3.185671614 3.019928808 3.565284609 3.380812333 2.969789955 3.837623394 2.940585035 2.898616929 3.593496732 3.705495379 3.595446448 3.418801875 8.999999977 2.597233966 3.288593588 4.428344095 8.999999970 2.897929388 8.999999955 8.999999966 2.869080011 3.358629255 2.726041106 3.105531294 3.358603838 2.869002800 2.973078818 3.093898816 2.597233966 0.000000000 2.987012505 5.038103731 3.994378924 3.148394334 2.221697133 4.091380753 
SAMEA7293135    3.036270000 3.128863304 3.429193991 2.812721424 2.863352119 4.410047207 2.663580620 3.241937687 3.482779529 2.680391665 2.502440104 2.883656459 2.395660064 2.647042051 2.163384663 2.982024477 2.961247965 3.018769573 3.353148349 3.065002128 3.067689948 2.315216192 2.655521115 2.240447099 2.315185660 3.375350385 3.016171918 3.123458819 3.126542227 4.181462815 3.033233322 3.427465141 3.461022705 3.002756823 3.126868321 2.895845238 3.132146020 3.126862439 3.002735639 3.030390828 3.063620874 3.016171918 2.987012505 0.000000000 3.361085787 8.999999975 2.635810225 2.945500695 3.291401965 
SAMEA7293136    3.925836782 2.227938933 3.050303541 3.212660691 3.158672086 8.999999968 2.580828107 2.612529248 8.999999974 2.232303746 3.559286638 3.456158051 3.325600138 3.632543977 3.457192451 3.675937867 3.254628283 2.847396249 3.433155372 2.738167261 2.366811016 4.259290542 4.352255663 4.262342045 4.015987358 8.999999974 8.999999976 3.046320998 8.999999970 8.999999968 8.110711823 8.999999962 7.497952559 5.324438779 8.999999963 8.999999972 8.999999975 8.999999973 8.999999963 8.999999974 8.999999959 8.999999976 5.038103731 3.361085787 0.000000000 4.239800817 4.788420435 8.999999959 8.044679046 
SAMEA7313236_38 3.101486797 3.627922367 4.920994814 3.437322328 3.566397202 8.999999966 3.415059060 4.637230244 8.999999972 2.785480838 8.999999972 8.999999970 8.999999972 8.999999960 8.999999976 3.861066962 3.756301124 4.022310389 4.364531235 3.820303664 3.643207598 8.999999960 8.999999965 5.465314343 8.999999957 4.502360328 4.154992811 4.125369451 3.622295465 8.999999957 3.632351414 4.970912457 4.609164710 3.640756545 3.824752849 3.205687765 3.899579428 4.031626934 3.824752849 3.856474253 3.887048116 4.154992811 3.994378924 8.999999975 4.239800817 0.000000000 3.640597337 3.955405124 4.615197447 
SAMEA7313243_45 4.204913662 3.322345847 4.166705111 2.944788261 3.070503430 4.103780288 3.230691732 5.922765103 8.999999974 3.071811423 3.017858401 3.250890451 2.638126170 2.795844666 2.410355759 3.323057959 3.384409707 3.681105424 3.296105817 3.121015495 3.077749430 6.729681319 8.999999957 6.727558693 6.728624149 4.243005526 3.254694945 3.383182443 3.513578030 8.999999970 3.022578739 4.486225965 4.163416855 3.272000370 3.568956128 3.002006052 3.272105688 3.568941478 3.271976607 3.328268588 3.389757428 3.254694945 3.148394334 2.635810225 4.788420435 3.640597337 0.000000000 3.254694945 3.853998242 
SAMEA7313246_49 4.390293530 3.082927531 3.562000094 1.978932522 2.572676698 8.999999962 2.370810607 2.729348856 8.999999976 2.569966096 3.048002457 3.318682633 2.901435576 3.138305371 2.971332590 3.454774420 3.286444591 2.896168491 3.748968569 2.851669009 3.341061055 3.530866402 3.647220105 3.532761397 3.359186472 4.835052554 1.637386845 3.186727872 4.229503438 8.999999975 3.079824662 8.999999972 8.999999965 2.724172945 3.224065889 2.561495915 2.943978687 3.224039957 2.724092915 2.836749060 2.971194891 1.637386845 2.221697133 2.945500695 8.999999959 3.955405124 3.254694945 0.000000000 3.979153530 
SAMN00715800    3.330550804 2.222640687 8.999999958 3.096775152 3.192421301 8.999999968 2.581436483 2.252481375 8.999999969 2.380176615 3.572056366 3.837315119 3.336885465 3.527981286 3.469606419 8.999999971 8.399756690 2.604572252 8.999999968 2.221946613 7.088302333 4.029030744 4.115033692 4.031324574 3.836421877 8.999999972 4.777007808 6.943137799 4.653435609 8.999999961 8.999999975 8.999999974 3.961833169 3.845865295 4.472448991 5.054619096 4.097008050 5.581623746 4.472448991 4.568299585 4.642001873 4.777007808 4.091380753 3.291401965 8.044679046 4.615197447 3.853998242 3.979153530 0.000000000 
