Character to attribute mapping:
  J: ?
  A: Artiodactyla
  B: Carnivora
  C: Human
  D: Ixodida
  E: Lagomorpha
  F: Marsupialia
  G: Phthiraptera
  H: Rodentia
  I: Siphonaptera


Substitution rate (mu): 74.366584

Equilibrium frequencies (pi_i):
  A: 0.1178
  B: 0.0968
  C: 0.0543
  D: 0.1246
  E: 0.1044
  F: 0.1743
  G: 0.1594
  H: 0.1129
  I: 0.0555

Symmetrized rates from j->i (W_ij):
	A	B	C	D	E	F	G	H	I
  A	0	0.4837	0.5827	0.4841	0.4847	0.484	0.484	1.1433	0.4846
  B	0.4837	0	1.079	0.4837	0.6082	0.9702	0.4835	2.1237	0.4865
  C	0.5827	1.079	0	0.8445	0.5644	0.4817	0.7197	15.1564	0.7226
  D	0.4841	0.4837	0.8445	0	0.4847	0.484	0.4841	1.0828	0.5266
  E	0.4847	0.6082	0.5644	0.4847	0	0.4848	0.4847	1.8357	0.6144
  F	0.484	0.9702	0.4817	0.484	0.4848	0	0.484	0.4988	0.4819
  G	0.484	0.4835	0.7197	0.4841	0.4847	0.484	0	0.5586	0.9117
  H	1.1433	2.1237	15.1564	1.0828	1.8357	0.4988	0.5586	0	19.9073
  I	0.4846	0.4865	0.7226	0.5266	0.6144	0.4819	0.9117	19.9073	0

Actual rates from j->i (Q_ij):
	A	B	C	D	E	F	G	H	I
  A	0	0.057	0.0687	0.057	0.0571	0.057	0.057	0.1347	0.0571
  B	0.0468	0	0.1044	0.0468	0.0589	0.0939	0.0468	0.2055	0.0471
  C	0.0316	0.0586	0	0.0459	0.0306	0.0262	0.0391	0.8229	0.0392
  D	0.0603	0.0603	0.1052	0	0.0604	0.0603	0.0603	0.1349	0.0656
  E	0.0506	0.0635	0.0589	0.0506	0	0.0506	0.0506	0.1917	0.0642
  F	0.0843	0.1691	0.0839	0.0844	0.0845	0	0.0843	0.0869	0.084
  G	0.0771	0.0771	0.1147	0.0772	0.0773	0.0771	0	0.089	0.1453
  H	0.1291	0.2399	1.7119	0.1223	0.2073	0.0563	0.0631	0	2.2485
  I	0.0269	0.027	0.0401	0.0292	0.0341	0.0267	0.0506	1.1041	0

