Character to attribute mapping:
  A: 0.ANT
  B: 0.ANT4
  C: 0.PE
  D: 0.PRE
  E: 1.ANT
  F: 1.IN
  G: 1.ORI
  H: 1.PRE
  I: 2.ANT
  J: 2.MED
  K: 3.ANT
  L: 4.ANT
  M: ?


Substitution rate (mu): 11.520298

Equilibrium frequencies (pi_i):
  A: 0.0874
  B: 0.0802
  C: 0.0799
  D: 0.0854
  E: 0.0816
  F: 0.0827
  G: 0.0874
  H: 0.081
  I: 0.0829
  J: 0.0887
  K: 0.0814
  L: 0.0813

Symmetrized rates from j->i (W_ij):
	A	B	C	D	E	F	G	H	I	J	K	L
  A	0	1.5079	1.5029	1.0044	1.0051	1.0023	0.9994	1.2577	1.1038	1.098	1.2254	1.2255
  B	1.5079	0	1.0099	1.0119	1.0123	1.0098	1.0076	1.0095	1.0086	1.0049	1.0118	1.0119
  C	1.5029	1.0099	0	1.5136	1.0091	1.0066	1.0042	1.0064	1.0054	1.0015	1.0086	1.0087
  D	1.0044	1.0119	1.5136	0	1.0128	1.0101	1.0078	1.0097	1.0088	1.0048	1.0122	1.0123
  E	1.0051	1.0123	1.0091	1.0128	0	1.3483	1.0084	1.3471	1.0094	1.0056	1.0126	1.0127
  F	1.0023	1.0098	1.0066	1.0101	1.3483	0	1.5099	1.3431	1.0068	1.0028	1.0101	1.0101
  G	0.9994	1.0076	1.0042	1.0078	1.0084	1.5099	0	1.0054	1.0043	0.9999	1.0078	1.0078
  H	1.2577	1.0095	1.0064	1.0097	1.3471	1.3431	1.0054	0	1.2299	1.2239	1.1148	1.1149
  I	1.1038	1.0086	1.0054	1.0088	1.0094	1.0068	1.0043	1.2299	0	1.3983	1.0482	1.0483
  J	1.098	1.0049	1.0015	1.0048	1.0056	1.0028	0.9999	1.2239	1.3983	0	1.0439	1.0441
  K	1.2254	1.0118	1.0086	1.0122	1.0126	1.0101	1.0078	1.1148	1.0482	1.0439	0	1.4147
  L	1.2255	1.0119	1.0087	1.0123	1.0127	1.0101	1.0078	1.1149	1.0483	1.0441	1.4147	0

Actual rates from j->i (Q_ij):
	A	B	C	D	E	F	G	H	I	J	K	L
  A	0	0.1319	0.1314	0.0878	0.0879	0.0877	0.0874	0.11	0.0965	0.096	0.1072	0.1072
  B	0.121	0	0.081	0.0812	0.0812	0.081	0.0808	0.081	0.0809	0.0806	0.0812	0.0812
  C	0.1201	0.0807	0	0.121	0.0806	0.0804	0.0802	0.0804	0.0803	0.08	0.0806	0.0806
  D	0.0857	0.0864	0.1292	0	0.0865	0.0862	0.086	0.0862	0.0861	0.0858	0.0864	0.0864
  E	0.082	0.0826	0.0824	0.0827	0	0.1101	0.0823	0.11	0.0824	0.0821	0.0827	0.0827
  F	0.0829	0.0835	0.0832	0.0835	0.1115	0	0.1248	0.111	0.0832	0.0829	0.0835	0.0835
  G	0.0873	0.0881	0.0878	0.0881	0.0881	0.132	0	0.0879	0.0878	0.0874	0.0881	0.0881
  H	0.1019	0.0818	0.0815	0.0818	0.1092	0.1088	0.0815	0	0.0997	0.0992	0.0903	0.0903
  I	0.0915	0.0836	0.0834	0.0837	0.0837	0.0835	0.0833	0.102	0	0.1159	0.0869	0.0869
  J	0.0974	0.0892	0.0888	0.0891	0.0892	0.089	0.0887	0.1086	0.1241	0	0.0926	0.0926
  K	0.0997	0.0824	0.0821	0.0824	0.0824	0.0822	0.082	0.0907	0.0853	0.085	0	0.1151
  L	0.0996	0.0822	0.082	0.0823	0.0823	0.0821	0.0819	0.0906	0.0852	0.0849	0.115	0

