26
GCA_000170275.1_ASM17027v1_genomic   0.000000000 0.000000023 2.425239477 2.445424374 2.617724024 2.641032090 2.784335824 2.490500180 2.669985165 2.326008432 2.395715428 2.198978796 2.465182793 2.273263184 2.249405540 2.521556486 2.650554712 2.559517741 2.526149186 2.342903478 2.406797681 2.621824797 2.379733751 2.543084629 2.632871743 8.999999961
GCA_000269145.1_ASM26914v1_genomic   0.000000023 0.000000000 2.425364731 2.465225273 2.617812464 2.666699839 2.814835058 2.490592261 2.670302747 2.326138485 2.395807703 2.199268328 2.486042503 2.273585361 2.249578902 2.562260184 2.675956750 2.559612498 2.548457939 2.343037193 2.406919644 2.621920397 2.379818265 2.543177424 2.632959750 8.999999962
GCA_000320465.1_ASM32046v1_genomic   2.425239477 2.425364731 0.000000000 5.870881398 3.497420449 2.812140259 2.874664499 2.952904013 2.221462364 8.999999968 2.811599842 2.405316242 5.874973776 2.421467077 2.354859150 2.601475763 2.853946387 3.442667056 2.605405124 8.999999964 0.817200859 3.470070335 2.236091798 3.263208629 3.401836600 2.383094617
GCA_000323505.1_ASM32350v1_genomic   2.445424374 2.465225273 5.870881398 0.000000000 3.526592897 3.088424879 2.932507660 3.046854972 2.257018219 3.314221250 2.851324864 2.438831717 0.000000023 2.451619034 2.415213638 2.746855600 3.089588493 3.476886897 2.858592980 3.458118630 4.358777824 3.503438854 2.713545984 3.298295633 3.430270185 2.403218775
GCA_000323565.1_ASM32356v1_genomic   2.617724024 2.617812464 3.497420449 3.526592897 0.000000000 3.054613619 2.925232277 1.250599391 2.618879174 3.273623083 4.788336533 2.725262611 3.637270900 2.716041501 2.945392228 2.777189245 3.032519675 8.999999956 2.870984502 3.470250094 3.401368588 4.907092653 2.895371940 8.999999970 0.822241012 2.586253272
GCA_000323625.1_ASM32362v1_genomic   2.641032090 2.666699839 2.812140259 3.088424879 3.054613619 0.000000000 2.957499948 2.736913173 2.618281028 2.833652827 2.850644568 2.688340961 3.052839742 2.683633740 2.699996478 2.440533323 0.831154236 3.046094265 6.312410605 2.997095678 2.783111186 3.082565600 3.333705972 2.994064087 3.081850056 2.617577029
GCA_000323845.1_ASM32384v1_genomic   2.784335824 2.814835058 2.874664499 2.932507660 2.925232277 2.957499948 0.000000000 2.817576038 2.796600020 2.869735657 2.863117942 2.810200981 2.912961970 2.802524905 2.851914714 2.956150258 2.891650144 2.921210480 2.909258372 2.910086850 2.867337424 2.913301223 2.942542816 2.906001876 2.940773891 2.788544765
GCA_000323945.1_ASM32394v1_genomic   2.490500180 2.490592261 2.952904013 3.046854972 1.250599391 2.736913173 2.817576038 0.000000000 2.435943203 2.755696687 3.334481963 2.550826322 3.117967618 2.552143201 2.582432359 2.571721676 2.729525817 4.436636076 2.587840650 2.865490378 2.896219277 2.588845767 2.537181894 4.064572007 1.247322979 2.490466437
GCA_000323965.1_ASM32396v1_genomic   2.669985165 2.670302747 2.221462364 2.257018219 2.618879174 2.618281028 2.796600020 2.435943203 0.000000000 2.016596681 2.255391514 8.999999959 2.257155683 3.814726222 1.815570592 2.523759012 2.630756764 2.445458855 2.474395759 2.048411624 2.199381190 2.552067965 2.249435957 2.465642621 2.596063909 2.558681888
GCA_000324065.1_ASM32406v1_genomic   2.326008432 2.326138485 8.999999968 3.314221250 3.273623083 2.833652827 2.869735657 2.755696687 2.016596681 0.000000000 2.564138278 2.209990316 3.315058152 2.246135555 1.967620095 2.669930661 2.874856886 3.185006964 2.726008220 2.551658299 4.221369806 3.216606423 2.467751466 3.015733304 3.191858946 2.283447616
GCA_000324565.1_ASM32456v1_genomic   2.395715428 2.395807703 2.811599842 2.851324864 4.788336533 2.850644568 2.863117942 3.334481963 2.255391514 2.564138278 0.000000000 2.370940850 2.922298651 2.383670898 2.357694858 2.655646898 2.858088037 8.999999965 2.687790338 2.562679994 2.750568561 5.237437025 2.540963965 8.999999973 4.387132422 2.364802228
GCA_000324725.1_ASM32472v1_genomic   2.198978796 2.199268328 2.405316242 2.438831717 2.725262611 2.688340961 2.810200981 2.550826322 8.999999959 2.209990316 2.370940850 0.000000000 2.438969332 2.218925671 2.191161774 2.561251581 2.699064144 2.603421854 2.543929756 2.259232272 2.376054159 2.665668574 2.351905663 2.579036746 2.699811119 2.108968829
GCA_000325305.1_ASM32530v1_genomic   2.465182793 2.486042503 5.874973776 0.000000023 3.637270900 3.052839742 2.912961970 3.117967618 2.257155683 3.315058152 2.922298651 2.438969332 0.000000000 2.451743510 2.415457699 2.732047912 3.055293396 3.601275442 2.830168499 3.459527277 4.360010523 3.627945564 2.713693900 3.403326431 3.527378609 2.421599365
GCA_000325365.1_ASM32536v1_genomic   2.273263184 2.273585361 2.421467077 2.451619034 2.716041501 2.683633740 2.802524905 2.552143201 3.814726222 2.246135555 2.383670898 2.218925671 2.451743510 0.000000000 2.347920049 2.580388141 2.694046398 2.601347565 2.572528384 2.293064287 2.394344195 2.684503095 2.364348047 2.578557485 2.692303490 2.171501899
GCA_000835005.1_ASM83500v1_genomic   2.249405540 2.249578902 2.354859150 2.415213638 2.945392228 2.699996478 2.851914714 2.582432359 1.815570592 1.967620095 2.357694858 2.191161774 2.415457699 2.347920049 0.000000000 2.584381079 2.712657809 2.758928345 2.558429455 2.197826797 2.307678246 2.781779752 2.333762621 2.656264401 2.898650068 2.194125054
GCA_001188795.1_ASM118879v1_genomic  2.521556486 2.562260184 2.601475763 2.746855600 2.777189245 2.440533323 2.956150258 2.571721676 2.523759012 2.669930661 2.655646898 2.561251581 2.732047912 2.580388141 2.584381079 0.000000000 2.389586614 2.777810064 2.511639203 2.689542677 2.615139629 2.784696320 2.700708563 2.746305949 2.795775833 2.529801195
GCA_001294975.1_ASM129497v1_genomic  2.650554712 2.675956750 2.853946387 3.089588493 3.032519675 0.831154236 2.891650144 2.729525817 2.630756764 2.874856886 2.858088037 2.699064144 3.055293396 2.694046398 2.712657809 2.389586614 0.000000000 3.048149655 8.999999971 3.001906594 2.824139155 3.057926723 3.405911339 2.997552846 3.058677595 2.627481905
GCA_002005285.1_ASM200528v1_genomic  2.559517741 2.559612498 3.442667056 3.476886897 8.999999956 3.046094265 2.921210480 4.436636076 2.445458855 3.185006964 8.999999965 2.603421854 3.601275442 2.601347565 2.758928345 2.777810064 3.048149655 0.000000000 2.877338850 3.241616626 3.336970993 7.242073578 2.828800822 8.999999969 7.500125352 2.526339602
GCA_002981895.1_ASM298189v1_genomic  2.526149186 2.548457939 2.605405124 2.858592980 2.870984502 6.312410605 2.909258372 2.587840650 2.474395759 2.726008220 2.687790338 2.543929756 2.830168499 2.572528384 2.558429455 2.511639203 8.999999971 2.877338850 0.000000000 2.761404686 2.581783687 2.887724939 2.917653610 2.827891821 2.898458479 2.503839319
GCA_003074235.1_ASM307423v1_genomic  2.342903478 2.343037193 8.999999964 3.458118630 3.470250094 2.997095678 2.910086850 2.865490378 2.048411624 2.551658299 2.562679994 2.259232272 3.459527277 2.293064287 2.197826797 2.689542677 3.001906594 3.241616626 2.761404686 0.000000000 5.130695885 3.434479897 2.564273591 3.054807699 3.364572171 2.298956263
GCA_003074535.1_ASM307453v1_genomic  2.406797681 2.406919644 0.817200859 4.358777824 3.401368588 2.783111186 2.867337424 2.896219277 2.199381190 4.221369806 2.750568561 2.376054159 4.360010523 2.394344195 2.307678246 2.615139629 2.824139155 3.336970993 2.581783687 5.130695885 0.000000000 3.363907516 2.208169601 3.173107488 3.316712142 2.365951480
GCA_008630435.1_ASM863043v1_genomic  2.621824797 2.621920397 3.470070335 3.503438854 4.907092653 3.082565600 2.913301223 2.588845767 2.552067965 3.216606423 5.237437025 2.665668574 3.627945564 2.684503095 2.781779752 2.784696320 3.057926723 7.242073578 2.887724939 3.434479897 3.363907516 0.000000000 2.844853401 8.999999961 3.477996084 2.587799610
GCA_009670865.1_ASM967086v1_genomic  2.379733751 2.379818265 2.236091798 2.713545984 2.895371940 3.333705972 2.942542816 2.537181894 2.249435957 2.467751466 2.540963965 2.351905663 2.713693900 2.364348047 2.333762621 2.700708563 3.405911339 2.828800822 2.917653610 2.564273591 2.208169601 2.844853401 0.000000000 2.754141803 2.864461349 2.351520482
GCA_015158755.1_ASM1515875v1_genomic 2.543084629 2.543177424 3.263208629 3.298295633 8.999999970 2.994064087 2.906001876 4.064572007 2.465642621 3.015733304 8.999999973 2.579036746 3.403326431 2.578557485 2.656264401 2.746305949 2.997552846 8.999999969 2.827891821 3.054807699 3.173107488 8.999999961 2.754141803 0.000000000 5.775950228 2.510727104
GCA_016102905.1_ASM1610290v1_genomic 2.632871743 2.632959750 3.401836600 3.430270185 0.822241012 3.081850056 2.940773891 1.247322979 2.596063909 3.191858946 4.387132422 2.699811119 3.527378609 2.692303490 2.898650068 2.795775833 3.058677595 7.500125352 2.898458479 3.364572171 3.316712142 3.477996084 2.864461349 5.775950228 0.000000000 2.601429501
Reference                            8.999999961 8.999999962 2.383094617 2.403218775 2.586253272 2.617577029 2.788544765 2.490466437 2.558681888 2.283447616 2.364802228 2.108968829 2.421599365 2.171501899 2.194125054 2.529801195 2.627481905 2.526339602 2.503839319 2.298956263 2.365951480 2.587799610 2.351520482 2.510727104 2.601429501 0.000000000
