Character to attribute mapping:
  A: 0.ANT1
  B: 0.ANT2
  C: 0.ANT3
  D: 0.ANT4
  E: 0.ANT5
  F: 0.PE10
  G: 0.PE2
  H: 0.PE4a
  I: 0.PE4h
  J: 0.PE4m
  K: 0.PE4t
  L: 0.PE5
  M: 0.PE7
  N: 0.PE8
  O: 0.PRE1
  P: 0.PRE2
  Q: 1.ANT1
  R: 1.IN1
  S: 1.IN2
  T: 1.IN3
  U: 1.ORI1
  V: 1.ORI2
  W: 1.ORI3
  X: 1.PRE0
  Y: 1.PRE1
  Z: 1.PRE2
  [: 1.PRE3
  \: 2.ANT1
  ]: 2.ANT2
  ^: 2.ANT3
  _: 2.MED0
  `: 2.MED1
  a: 2.MED2
  b: 2.MED3
  c: 3.ANT1
  d: 3.ANT2
  e: 4.ANT1
  f: ?


Substitution rate (mu): 99.303521

Equilibrium frequencies (pi_i):
  A: 0.0268
  B: 0.0267
  C: 0.0269
  D: 0.0272
  E: 0.0269
  F: 0.0269
  G: 0.0274
  H: 0.0271
  I: 0.027
  J: 0.0272
  K: 0.027
  L: 0.0271
  M: 0.0273
  N: 0.0268
  O: 0.0272
  P: 0.0266
  Q: 0.027
  R: 0.0266
  S: 0.0271
  T: 0.0265
  U: 0.0279
  V: 0.0268
  W: 0.0267
  X: 0.0264
  Y: 0.0282
  Z: 0.0267
  [: 0.0265
  \: 0.027
  ]: 0.0268
  ^: 0.0273
  _: 0.0266
  `: 0.0296
  a: 0.0259
  b: 0.027
  c: 0.0269
  d: 0.0272
  e: 0.027

Symmetrized rates from j->i (W_ij):
	A	B	C	D	E	F	G	H	I	J	K	L	M	N	O	P	Q	R	S	T	U	V	W	X	Y	Z	[	\	]	^	_	`	a	b	c	d	e
  A	0	1.0575	1.0248	1.2735	1.1294	1.0313	1.0735	1.006	1.0027	1.0134	1.0027	1.2845	1.0349	1.0725	1.0084	1.0086	1.0012	1.0016	1.001	1.0011	1.0007	1.0006	1.0006	1.0058	1.0112	1.0014	1.0013	1.0014	1.0015	1.002	1.0022	1.0005	1.0013	1.0015	1.0016	1.0015	1.0025
  B	1.0575	0	1.2717	1.1286	1.2713	1.0035	1.0064	1.0017	1.0013	1.0022	1.0013	1.0258	1.0039	1.0064	1.0017	1.0019	1.0012	1.0016	1.001	1.0011	1.0006	1.0005	1.0006	1.0605	1.1298	1.0014	1.0013	1.0031	1.0032	1.0073	1.0076	1.0011	1.0019	1.0036	1.0054	1.0053	1.0138
  C	1.0248	1.2717	0	1.0568	1.1283	1.0023	1.0035	1.0014	1.0012	1.0017	1.0012	1.0113	1.0026	1.0035	1.0014	1.0016	1.0012	1.0016	1.0009	1.001	1.0006	1.0005	1.0005	1.1361	1.274	1.0014	1.0014	1.0061	1.0061	1.0161	1.0166	1.0022	1.003	1.0071	1.0116	1.0116	1.0317
  D	1.2735	1.1286	1.0568	0	1.2714	1.0135	1.0314	1.003	1.0017	1.0061	1.0017	1.1344	1.0151	1.0311	1.0039	1.0041	1.001	1.0015	1.0009	1.001	1.0005	1.0004	1.0004	1.0116	1.0248	1.0012	1.0011	1.0014	1.0015	1.0023	1.0026	1.0004	1.0012	1.0016	1.0018	1.0017	1.0034
  E	1.1294	1.2713	1.1283	1.2714	0	1.0063	1.0136	1.002	1.0014	1.0032	1.0014	1.0595	1.0071	1.0136	1.0023	1.0025	1.0011	1.0015	1.0009	1.001	1.0006	1.0005	1.0005	1.0261	1.0574	1.0013	1.0012	1.0019	1.002	1.0037	1.004	1.0006	1.0014	1.0021	1.0028	1.0027	1.0064
  F	1.0313	1.0035	1.0023	1.0135	1.0063	0	1.0734	1.1254	1.0469	1.2721	1.0469	1.0723	1.0349	1.2843	1.0084	1.0086	1.0012	1.0016	1.001	1.0011	1.0007	1.0006	1.0006	1.0021	1.0021	1.0014	1.0012	1.0013	1.0014	1.0017	1.0019	1.0005	1.0013	1.0014	1.0014	1.0013	1.0018
  G	1.0735	1.0064	1.0035	1.0314	1.0136	1.0734	0	1.0131	1.0051	1.0312	1.0051	1.1658	1.318	1.166	1.0895	1.09	1.0013	1.0017	1.0011	1.0012	1.0007	1.0006	1.0007	1.0023	1.0026	1.0014	1.0013	1.0014	1.0014	1.0018	1.002	1.0005	1.0013	1.0015	1.0015	1.0014	1.0019
  H	1.006	1.0017	1.0014	1.003	1.002	1.1254	1.0131	0	1.2202	1.263	1.2202	1.0129	1.0067	1.0577	1.0021	1.0023	1.0009	1.0013	1.0008	1.0009	1.0004	1.0003	1.0003	1.0018	1.0016	1.0011	1.001	1.001	1.0011	1.0014	1.0016	1.0001	1.001	1.0011	1.0011	1.001	1.0015
  I	1.0027	1.0013	1.0012	1.0017	1.0014	1.0469	1.0051	1.2202	0	1.1046	1.4002	1.0051	1.0031	1.0211	1.0012	1.0014	1.0007	1.0011	1.0006	1.0007	1.0002	1.0001	1.0001	1.0016	1.0014	1.0009	1.0008	1.0008	1.0009	1.0012	1.0014	0.9999	1.0008	1.0009	1.0009	1.0008	1.0013
  J	1.0134	1.0022	1.0017	1.0061	1.0032	1.2721	1.0312	1.263	1.1046	0	1.1046	1.0308	1.015	1.1337	1.0039	1.0041	1.001	1.0014	1.0009	1.001	1.0005	1.0004	1.0004	1.0019	1.0018	1.0012	1.0011	1.0012	1.0012	1.0015	1.0017	1.0003	1.0011	1.0012	1.0012	1.0011	1.0016
  K	1.0027	1.0013	1.0012	1.0017	1.0014	1.0469	1.0051	1.2202	1.4002	1.1046	0	1.0051	1.0031	1.0211	1.0012	1.0014	1.0007	1.0011	1.0006	1.0007	1.0002	1.0001	1.0001	1.0016	1.0014	1.0009	1.0008	1.0008	1.0009	1.0012	1.0014	0.9999	1.0008	1.0009	1.0009	1.0008	1.0013
  L	1.2845	1.0258	1.0113	1.1344	1.0595	1.0723	1.1658	1.0129	1.0051	1.0308	1.0051	0	1.0805	1.1638	1.0193	1.0195	1.0013	1.0017	1.0011	1.0012	1.0008	1.0007	1.0007	1.0036	1.0057	1.0015	1.0013	1.0014	1.0015	1.0019	1.0021	1.0005	1.0014	1.0015	1.0015	1.0015	1.0021
  M	1.0349	1.0039	1.0026	1.0151	1.0071	1.0349	1.318	1.0067	1.0031	1.015	1.0031	1.0805	0	1.0807	1.1938	1.1945	1.0015	1.0019	1.0013	1.0014	1.001	1.0008	1.0009	1.0024	1.0024	1.0016	1.0015	1.0016	1.0016	1.002	1.0022	1.0007	1.0015	1.0017	1.0016	1.0016	1.0021
  N	1.0725	1.0064	1.0035	1.0311	1.0136	1.2843	1.166	1.0577	1.0211	1.1337	1.0211	1.1638	1.0807	0	1.0194	1.0196	1.0014	1.0018	1.0012	1.0013	1.0009	1.0008	1.0008	1.0024	1.0027	1.0015	1.0014	1.0015	1.0015	1.0019	1.0021	1.0006	1.0015	1.0016	1.0016	1.0015	1.002
  O	1.0084	1.0017	1.0014	1.0039	1.0023	1.0084	1.0895	1.0021	1.0012	1.0039	1.0012	1.0193	1.1938	1.0194	0	1.4415	1.0008	1.0013	1.0007	1.0008	1.0003	1.0002	1.0003	1.0017	1.0016	1.001	1.0009	1.001	1.001	1.0013	1.0015	1.0	1.0009	1.0011	1.001	1.0009	1.0014
  P	1.0086	1.0019	1.0016	1.0041	1.0025	1.0086	1.09	1.0023	1.0014	1.0041	1.0014	1.0195	1.1945	1.0196	1.4415	0	1.001	1.0014	1.0008	1.0009	1.0005	1.0004	1.0004	1.0018	1.0017	1.0012	1.001	1.0011	1.0012	1.0015	1.0017	1.0002	1.0011	1.0012	1.0012	1.0011	1.0016
  Q	1.0012	1.0012	1.0012	1.001	1.0011	1.0012	1.0013	1.0009	1.0007	1.001	1.0007	1.0013	1.0015	1.0014	1.0008	1.001	0	1.4001	1.0016	1.001	1.0006	1.0	1.0001	1.0016	1.0851	1.2145	1.0856	1.0008	1.0008	1.0011	1.0014	0.9998	1.0007	1.0009	1.0008	1.0008	1.0013
  R	1.0016	1.0016	1.0016	1.0015	1.0015	1.0016	1.0017	1.0013	1.0011	1.0014	1.0011	1.0017	1.0019	1.0018	1.0013	1.0014	1.4001	0	1.385	1.1785	1.1773	1.0006	1.0006	1.002	1.0848	1.2135	1.0853	1.0012	1.0012	1.0016	1.0018	1.0003	1.0012	1.0013	1.0013	1.0012	1.0017
  S	1.001	1.001	1.0009	1.0009	1.0009	1.001	1.0011	1.0008	1.0006	1.0009	1.0006	1.0011	1.0013	1.0012	1.0007	1.0008	1.0016	1.385	0	1.1805	1.1794	1.0	1.0001	1.0013	1.0014	1.0012	1.0008	1.0006	1.0007	1.001	1.0012	0.9997	1.0006	1.0007	1.0007	1.0006	1.0011
  T	1.0011	1.0011	1.001	1.001	1.001	1.0011	1.0012	1.0009	1.0007	1.001	1.0007	1.0012	1.0014	1.0013	1.0008	1.0009	1.001	1.1785	1.1805	0	1.3904	1.0001	1.0002	1.0014	1.0013	1.001	1.0007	1.0007	1.0007	1.0011	1.0013	0.9998	1.0007	1.0008	1.0007	1.0007	1.0012
  U	1.0007	1.0006	1.0006	1.0005	1.0006	1.0007	1.0007	1.0004	1.0002	1.0005	1.0002	1.0008	1.001	1.0009	1.0003	1.0005	1.0006	1.1773	1.1794	1.3904	0	1.5036	1.5036	1.001	1.0009	1.0005	1.0003	1.0002	1.0003	1.0006	1.0009	0.9992	1.0002	1.0003	1.0003	1.0002	1.0007
  V	1.0006	1.0005	1.0005	1.0004	1.0005	1.0006	1.0006	1.0003	1.0001	1.0004	1.0001	1.0007	1.0008	1.0008	1.0002	1.0004	1.0	1.0006	1.0	1.0001	1.5036	0	0.9995	1.0009	1.0007	1.0002	1.0001	1.0002	1.0002	1.0005	1.0007	0.9992	1.0002	1.0003	1.0002	1.0001	1.0006
  W	1.0006	1.0006	1.0005	1.0004	1.0005	1.0006	1.0007	1.0003	1.0001	1.0004	1.0001	1.0007	1.0009	1.0008	1.0003	1.0004	1.0001	1.0006	1.0001	1.0002	1.5036	0.9995	0	1.0009	1.0007	1.0002	1.0001	1.0002	1.0002	1.0005	1.0008	0.9992	1.0002	1.0003	1.0002	1.0002	1.0007
  X	1.0058	1.0605	1.1361	1.0116	1.0261	1.0021	1.0023	1.0018	1.0016	1.0019	1.0016	1.0036	1.0024	1.0024	1.0017	1.0018	1.0016	1.002	1.0013	1.0014	1.001	1.0009	1.0009	0	1.287	1.0018	1.0018	1.0322	1.0322	1.0884	1.0905	1.0129	1.0138	1.0378	1.0627	1.0626	1.1669
  Y	1.0112	1.1298	1.274	1.0248	1.0574	1.0021	1.0026	1.0016	1.0014	1.0018	1.0014	1.0057	1.0024	1.0027	1.0016	1.0017	1.0851	1.0848	1.0014	1.0013	1.0009	1.0007	1.0007	1.287	0	1.2115	1.3932	1.0138	1.0138	1.0377	1.0387	1.0053	1.0062	1.0161	1.0271	1.027	1.0737
  Z	1.0014	1.0014	1.0014	1.0012	1.0013	1.0014	1.0014	1.0011	1.0009	1.0012	1.0009	1.0015	1.0016	1.0015	1.001	1.0012	1.2145	1.2135	1.0012	1.001	1.0005	1.0002	1.0002	1.0018	1.2115	0	1.2139	1.001	1.001	1.0013	1.0016	1.0	1.0009	1.001	1.001	1.0009	1.0015
  [	1.0013	1.0013	1.0014	1.0011	1.0012	1.0012	1.0013	1.001	1.0008	1.0011	1.0008	1.0013	1.0015	1.0014	1.0009	1.001	1.0856	1.0853	1.0008	1.0007	1.0003	1.0001	1.0001	1.0018	1.3932	1.2139	0	1.0008	1.0009	1.0012	1.0015	0.9999	1.0008	1.0009	1.0009	1.0008	1.0014
  \	1.0014	1.0031	1.0061	1.0014	1.0019	1.0013	1.0014	1.001	1.0008	1.0012	1.0008	1.0014	1.0016	1.0015	1.001	1.0011	1.0008	1.0012	1.0006	1.0007	1.0002	1.0002	1.0002	1.0322	1.0138	1.001	1.0008	0	1.4056	1.2338	1.0623	1.0085	1.0095	1.0261	1.0113	1.0112	1.0313
  ]	1.0015	1.0032	1.0061	1.0015	1.002	1.0014	1.0014	1.0011	1.0009	1.0012	1.0009	1.0015	1.0016	1.0015	1.001	1.0012	1.0008	1.0012	1.0007	1.0007	1.0003	1.0002	1.0002	1.0322	1.0138	1.001	1.0009	1.4056	0	1.2339	1.0624	1.0086	1.0095	1.0262	1.0113	1.0113	1.0313
  ^	1.002	1.0073	1.0161	1.0023	1.0037	1.0017	1.0018	1.0014	1.0012	1.0015	1.0012	1.0019	1.002	1.0019	1.0013	1.0015	1.0011	1.0016	1.001	1.0011	1.0006	1.0005	1.0005	1.0884	1.0377	1.0013	1.0012	1.2338	1.2339	0	1.1664	1.025	1.0259	1.0717	1.0312	1.0311	1.0862
  _	1.0022	1.0076	1.0166	1.0026	1.004	1.0019	1.002	1.0016	1.0014	1.0017	1.0014	1.0021	1.0022	1.0021	1.0015	1.0017	1.0014	1.0018	1.0012	1.0013	1.0009	1.0007	1.0008	1.0905	1.0387	1.0016	1.0015	1.0623	1.0624	1.1664	0	1.1098	1.1111	1.2785	1.0321	1.032	1.0882
  `	1.0005	1.0011	1.0022	1.0004	1.0006	1.0005	1.0005	1.0001	0.9999	1.0003	0.9999	1.0005	1.0007	1.0006	1.0	1.0002	0.9998	1.0003	0.9997	0.9998	0.9992	0.9992	0.9992	1.0129	1.0053	1.0	0.9999	1.0085	1.0086	1.025	1.1098	0	1.4003	1.2213	1.0041	1.004	1.0124
  a	1.0013	1.0019	1.003	1.0012	1.0014	1.0013	1.0013	1.001	1.0008	1.0011	1.0008	1.0014	1.0015	1.0015	1.0009	1.0011	1.0007	1.0012	1.0006	1.0007	1.0002	1.0002	1.0002	1.0138	1.0062	1.0009	1.0008	1.0095	1.0095	1.0259	1.1111	1.4003	0	1.2229	1.005	1.0049	1.0133
  b	1.0015	1.0036	1.0071	1.0016	1.0021	1.0014	1.0015	1.0011	1.0009	1.0012	1.0009	1.0015	1.0017	1.0016	1.0011	1.0012	1.0009	1.0013	1.0007	1.0008	1.0003	1.0003	1.0003	1.0378	1.0161	1.001	1.0009	1.0261	1.0262	1.0717	1.2785	1.2213	1.2229	0	1.0132	1.0131	1.0367
  c	1.0016	1.0054	1.0116	1.0018	1.0028	1.0014	1.0015	1.0011	1.0009	1.0012	1.0009	1.0015	1.0016	1.0016	1.001	1.0012	1.0008	1.0013	1.0007	1.0007	1.0003	1.0002	1.0002	1.0627	1.0271	1.001	1.0009	1.0113	1.0113	1.0312	1.0321	1.0041	1.005	1.0132	0	1.4056	1.234
  d	1.0015	1.0053	1.0116	1.0017	1.0027	1.0013	1.0014	1.001	1.0008	1.0011	1.0008	1.0015	1.0016	1.0015	1.0009	1.0011	1.0008	1.0012	1.0006	1.0007	1.0002	1.0001	1.0002	1.0626	1.027	1.0009	1.0008	1.0112	1.0113	1.0311	1.032	1.004	1.0049	1.0131	1.4056	0	1.2339
  e	1.0025	1.0138	1.0317	1.0034	1.0064	1.0018	1.0019	1.0015	1.0013	1.0016	1.0013	1.0021	1.0021	1.002	1.0014	1.0016	1.0013	1.0017	1.0011	1.0012	1.0007	1.0006	1.0007	1.1669	1.0737	1.0015	1.0014	1.0313	1.0313	1.0862	1.0882	1.0124	1.0133	1.0367	1.234	1.2339	0

Actual rates from j->i (Q_ij):
	A	B	C	D	E	F	G	H	I	J	K	L	M	N	O	P	Q	R	S	T	U	V	W	X	Y	Z	[	\	]	^	_	`	a	b	c	d	e
  A	0	0.0284	0.0275	0.0342	0.0303	0.0277	0.0288	0.027	0.0269	0.0272	0.0269	0.0345	0.0278	0.0288	0.0271	0.0271	0.0269	0.0269	0.0269	0.0269	0.0269	0.0269	0.0269	0.027	0.0271	0.0269	0.0269	0.0269	0.0269	0.0269	0.0269	0.0269	0.0269	0.0269	0.0269	0.0269	0.0269
  B	0.0282	0	0.0339	0.0301	0.0339	0.0268	0.0269	0.0267	0.0267	0.0267	0.0267	0.0274	0.0268	0.0269	0.0267	0.0267	0.0267	0.0267	0.0267	0.0267	0.0267	0.0267	0.0267	0.0283	0.0301	0.0267	0.0267	0.0268	0.0268	0.0269	0.0269	0.0267	0.0267	0.0268	0.0268	0.0268	0.0271
  C	0.0275	0.0342	0	0.0284	0.0303	0.0269	0.027	0.0269	0.0269	0.0269	0.0269	0.0272	0.027	0.027	0.0269	0.0269	0.0269	0.0269	0.0269	0.0269	0.0269	0.0269	0.0269	0.0305	0.0342	0.0269	0.0269	0.027	0.027	0.0273	0.0273	0.0269	0.027	0.0271	0.0272	0.0272	0.0277
  D	0.0347	0.0307	0.0288	0	0.0346	0.0276	0.0281	0.0273	0.0273	0.0274	0.0273	0.0309	0.0276	0.0281	0.0273	0.0273	0.0273	0.0273	0.0273	0.0273	0.0272	0.0272	0.0272	0.0275	0.0279	0.0273	0.0273	0.0273	0.0273	0.0273	0.0273	0.0272	0.0273	0.0273	0.0273	0.0273	0.0273
  E	0.0304	0.0342	0.0304	0.0342	0	0.0271	0.0273	0.027	0.027	0.027	0.027	0.0285	0.0271	0.0273	0.027	0.027	0.027	0.027	0.027	0.027	0.027	0.0269	0.027	0.0276	0.0285	0.027	0.027	0.027	0.027	0.027	0.027	0.027	0.027	0.027	0.027	0.027	0.0271
  F	0.0277	0.027	0.027	0.0273	0.0271	0	0.0289	0.0303	0.0282	0.0342	0.0282	0.0288	0.0278	0.0345	0.0271	0.0271	0.0269	0.0269	0.0269	0.0269	0.0269	0.0269	0.0269	0.0269	0.0269	0.0269	0.0269	0.0269	0.0269	0.0269	0.0269	0.0269	0.0269	0.0269	0.0269	0.0269	0.0269
  G	0.0294	0.0276	0.0275	0.0283	0.0278	0.0294	0	0.0278	0.0276	0.0283	0.0276	0.032	0.0361	0.032	0.0299	0.0299	0.0275	0.0275	0.0275	0.0275	0.0274	0.0274	0.0274	0.0275	0.0275	0.0275	0.0275	0.0275	0.0275	0.0275	0.0275	0.0274	0.0275	0.0275	0.0275	0.0275	0.0275
  H	0.0273	0.0272	0.0272	0.0272	0.0272	0.0305	0.0275	0	0.0331	0.0343	0.0331	0.0275	0.0273	0.0287	0.0272	0.0272	0.0271	0.0272	0.0271	0.0271	0.0271	0.0271	0.0271	0.0272	0.0272	0.0272	0.0271	0.0272	0.0272	0.0272	0.0272	0.0271	0.0271	0.0272	0.0272	0.0272	0.0272
  I	0.0271	0.027	0.027	0.027	0.027	0.0283	0.0271	0.0329	0	0.0298	0.0378	0.0271	0.0271	0.0276	0.027	0.027	0.027	0.027	0.027	0.027	0.027	0.027	0.027	0.027	0.027	0.027	0.027	0.027	0.027	0.027	0.027	0.027	0.027	0.027	0.027	0.027	0.027
  J	0.0276	0.0273	0.0272	0.0274	0.0273	0.0346	0.028	0.0343	0.03	0	0.03	0.028	0.0276	0.0308	0.0273	0.0273	0.0272	0.0272	0.0272	0.0272	0.0272	0.0272	0.0272	0.0272	0.0272	0.0272	0.0272	0.0272	0.0272	0.0272	0.0272	0.0272	0.0272	0.0272	0.0272	0.0272	0.0272
  K	0.0271	0.027	0.027	0.027	0.027	0.0283	0.0271	0.0329	0.0378	0.0298	0	0.0271	0.0271	0.0276	0.027	0.027	0.027	0.027	0.027	0.027	0.027	0.027	0.027	0.027	0.027	0.027	0.027	0.027	0.027	0.027	0.027	0.027	0.027	0.027	0.027	0.027	0.027
  L	0.0348	0.0278	0.0274	0.0308	0.0287	0.0291	0.0316	0.0275	0.0273	0.028	0.0273	0	0.0293	0.0316	0.0276	0.0276	0.0272	0.0272	0.0272	0.0272	0.0271	0.0271	0.0271	0.0272	0.0273	0.0272	0.0272	0.0272	0.0272	0.0272	0.0272	0.0271	0.0272	0.0272	0.0272	0.0272	0.0272
  M	0.0282	0.0274	0.0273	0.0277	0.0275	0.0282	0.0359	0.0274	0.0273	0.0277	0.0273	0.0295	0	0.0295	0.0325	0.0326	0.0273	0.0273	0.0273	0.0273	0.0273	0.0273	0.0273	0.0273	0.0273	0.0273	0.0273	0.0273	0.0273	0.0273	0.0273	0.0273	0.0273	0.0273	0.0273	0.0273	0.0273
  N	0.0288	0.027	0.0269	0.0277	0.0272	0.0345	0.0313	0.0284	0.0274	0.0304	0.0274	0.0312	0.029	0	0.0273	0.0274	0.0269	0.0269	0.0269	0.0269	0.0269	0.0268	0.0268	0.0269	0.0269	0.0269	0.0269	0.0269	0.0269	0.0269	0.0269	0.0268	0.0269	0.0269	0.0269	0.0269	0.0269
  O	0.0275	0.0273	0.0273	0.0273	0.0273	0.0275	0.0297	0.0273	0.0273	0.0273	0.0273	0.0278	0.0325	0.0278	0	0.0393	0.0273	0.0273	0.0273	0.0273	0.0272	0.0272	0.0272	0.0273	0.0273	0.0273	0.0273	0.0273	0.0273	0.0273	0.0273	0.0272	0.0273	0.0273	0.0273	0.0273	0.0273
  P	0.0269	0.0267	0.0267	0.0267	0.0267	0.0269	0.029	0.0267	0.0267	0.0267	0.0267	0.0271	0.0318	0.0271	0.0384	0	0.0266	0.0267	0.0266	0.0266	0.0266	0.0266	0.0266	0.0267	0.0267	0.0267	0.0266	0.0267	0.0267	0.0267	0.0267	0.0266	0.0267	0.0267	0.0267	0.0267	0.0267
  Q	0.0271	0.0271	0.027	0.027	0.027	0.0271	0.0271	0.027	0.027	0.027	0.027	0.0271	0.0271	0.0271	0.027	0.027	0	0.0378	0.0271	0.027	0.027	0.027	0.027	0.0271	0.0293	0.0328	0.0293	0.027	0.027	0.027	0.0271	0.027	0.027	0.027	0.027	0.027	0.0271
  R	0.0267	0.0267	0.0267	0.0267	0.0267	0.0267	0.0267	0.0266	0.0266	0.0266	0.0266	0.0267	0.0267	0.0267	0.0266	0.0266	0.0373	0	0.0369	0.0314	0.0313	0.0266	0.0266	0.0267	0.0289	0.0323	0.0289	0.0266	0.0266	0.0267	0.0267	0.0266	0.0266	0.0266	0.0266	0.0266	0.0267
  S	0.0271	0.0271	0.0271	0.0271	0.0271	0.0271	0.0271	0.0271	0.0271	0.0271	0.0271	0.0271	0.0271	0.0271	0.0271	0.0271	0.0271	0.0375	0	0.032	0.0319	0.0271	0.0271	0.0271	0.0271	0.0271	0.0271	0.0271	0.0271	0.0271	0.0271	0.0271	0.0271	0.0271	0.0271	0.0271	0.0271
  T	0.0265	0.0265	0.0265	0.0265	0.0265	0.0265	0.0265	0.0265	0.0265	0.0265	0.0265	0.0265	0.0265	0.0265	0.0265	0.0265	0.0265	0.0312	0.0313	0	0.0369	0.0265	0.0265	0.0265	0.0265	0.0265	0.0265	0.0265	0.0265	0.0265	0.0265	0.0265	0.0265	0.0265	0.0265	0.0265	0.0265
  U	0.028	0.028	0.028	0.028	0.028	0.028	0.028	0.028	0.0279	0.028	0.0279	0.028	0.028	0.028	0.028	0.028	0.028	0.0329	0.033	0.0389	0	0.042	0.042	0.028	0.028	0.028	0.028	0.028	0.028	0.028	0.028	0.0279	0.028	0.028	0.028	0.0279	0.028
  V	0.0268	0.0268	0.0268	0.0268	0.0268	0.0268	0.0268	0.0268	0.0268	0.0268	0.0268	0.0268	0.0268	0.0268	0.0268	0.0268	0.0268	0.0268	0.0268	0.0268	0.0402	0	0.0268	0.0268	0.0268	0.0268	0.0268	0.0268	0.0268	0.0268	0.0268	0.0267	0.0268	0.0268	0.0268	0.0268	0.0268
  W	0.0267	0.0267	0.0267	0.0267	0.0267	0.0267	0.0267	0.0267	0.0267	0.0267	0.0267	0.0267	0.0267	0.0267	0.0267	0.0267	0.0267	0.0267	0.0267	0.0267	0.0401	0.0267	0	0.0267	0.0267	0.0267	0.0267	0.0267	0.0267	0.0267	0.0267	0.0267	0.0267	0.0267	0.0267	0.0267	0.0267
  X	0.0266	0.028	0.03	0.0268	0.0271	0.0265	0.0265	0.0265	0.0265	0.0265	0.0265	0.0265	0.0265	0.0265	0.0265	0.0265	0.0265	0.0265	0.0265	0.0265	0.0265	0.0265	0.0265	0	0.034	0.0265	0.0265	0.0273	0.0273	0.0288	0.0288	0.0268	0.0268	0.0274	0.0281	0.0281	0.0309
  Y	0.0285	0.0319	0.0359	0.0289	0.0298	0.0283	0.0283	0.0283	0.0283	0.0283	0.0283	0.0284	0.0283	0.0283	0.0283	0.0283	0.0306	0.0306	0.0283	0.0282	0.0282	0.0282	0.0282	0.0363	0	0.0342	0.0393	0.0286	0.0286	0.0293	0.0293	0.0284	0.0284	0.0287	0.029	0.029	0.0303
  Z	0.0267	0.0267	0.0267	0.0267	0.0267	0.0267	0.0267	0.0267	0.0267	0.0267	0.0267	0.0267	0.0267	0.0267	0.0267	0.0267	0.0324	0.0324	0.0267	0.0267	0.0267	0.0267	0.0267	0.0268	0.0324	0	0.0324	0.0267	0.0267	0.0267	0.0267	0.0267	0.0267	0.0267	0.0267	0.0267	0.0267
  [	0.0265	0.0265	0.0265	0.0265	0.0265	0.0265	0.0265	0.0265	0.0265	0.0265	0.0265	0.0265	0.0265	0.0265	0.0265	0.0265	0.0288	0.0288	0.0265	0.0265	0.0265	0.0265	0.0265	0.0265	0.0369	0.0322	0	0.0265	0.0265	0.0265	0.0265	0.0265	0.0265	0.0265	0.0265	0.0265	0.0265
  \	0.0271	0.0271	0.0272	0.0271	0.0271	0.0271	0.0271	0.0271	0.0271	0.0271	0.0271	0.0271	0.0271	0.0271	0.0271	0.0271	0.0271	0.0271	0.0271	0.0271	0.027	0.027	0.027	0.0279	0.0274	0.0271	0.0271	0	0.038	0.0334	0.0287	0.0273	0.0273	0.0277	0.0273	0.0273	0.0279
  ]	0.0269	0.0269	0.027	0.0269	0.0269	0.0269	0.0269	0.0269	0.0269	0.0269	0.0269	0.0269	0.0269	0.0269	0.0269	0.0269	0.0269	0.0269	0.0269	0.0269	0.0268	0.0268	0.0268	0.0277	0.0272	0.0269	0.0269	0.0377	0	0.0331	0.0285	0.0271	0.0271	0.0275	0.0271	0.0271	0.0277
  ^	0.0273	0.0275	0.0277	0.0273	0.0274	0.0273	0.0273	0.0273	0.0273	0.0273	0.0273	0.0273	0.0273	0.0273	0.0273	0.0273	0.0273	0.0273	0.0273	0.0273	0.0273	0.0273	0.0273	0.0297	0.0283	0.0273	0.0273	0.0336	0.0336	0	0.0318	0.0279	0.028	0.0292	0.0281	0.0281	0.0296
  _	0.0266	0.0268	0.027	0.0266	0.0267	0.0266	0.0266	0.0266	0.0266	0.0266	0.0266	0.0266	0.0266	0.0266	0.0266	0.0266	0.0266	0.0266	0.0266	0.0266	0.0266	0.0266	0.0266	0.029	0.0276	0.0266	0.0266	0.0282	0.0282	0.031	0	0.0295	0.0295	0.034	0.0274	0.0274	0.0289
  `	0.0297	0.0297	0.0297	0.0297	0.0297	0.0297	0.0297	0.0296	0.0296	0.0297	0.0296	0.0297	0.0297	0.0297	0.0296	0.0296	0.0296	0.0297	0.0296	0.0296	0.0296	0.0296	0.0296	0.03	0.0298	0.0296	0.0296	0.0299	0.0299	0.0304	0.0329	0	0.0415	0.0362	0.0298	0.0298	0.03
  a	0.0259	0.0259	0.026	0.0259	0.0259	0.0259	0.0259	0.0259	0.0259	0.0259	0.0259	0.0259	0.0259	0.0259	0.0259	0.0259	0.0259	0.0259	0.0259	0.0259	0.0259	0.0259	0.0259	0.0263	0.0261	0.0259	0.0259	0.0261	0.0261	0.0266	0.0288	0.0363	0	0.0317	0.026	0.026	0.0262
  b	0.0271	0.0271	0.0272	0.0271	0.0271	0.027	0.027	0.027	0.027	0.027	0.027	0.0271	0.0271	0.0271	0.027	0.027	0.027	0.027	0.027	0.027	0.027	0.027	0.027	0.028	0.0274	0.027	0.027	0.0277	0.0277	0.0289	0.0345	0.033	0.033	0	0.0274	0.0274	0.028
  c	0.0269	0.027	0.0272	0.0269	0.0269	0.0269	0.0269	0.0269	0.0269	0.0269	0.0269	0.0269	0.0269	0.0269	0.0269	0.0269	0.0269	0.0269	0.0269	0.0269	0.0269	0.0269	0.0269	0.0286	0.0276	0.0269	0.0269	0.0272	0.0272	0.0277	0.0277	0.027	0.027	0.0272	0	0.0378	0.0332
  d	0.0272	0.0273	0.0275	0.0272	0.0272	0.0272	0.0272	0.0272	0.0272	0.0272	0.0272	0.0272	0.0272	0.0272	0.0272	0.0272	0.0272	0.0272	0.0272	0.0272	0.0272	0.0272	0.0272	0.0289	0.0279	0.0272	0.0272	0.0275	0.0275	0.028	0.028	0.0273	0.0273	0.0275	0.0382	0	0.0335
  e	0.027	0.0273	0.0278	0.027	0.0271	0.027	0.027	0.027	0.027	0.027	0.027	0.027	0.027	0.027	0.027	0.027	0.027	0.027	0.027	0.027	0.027	0.027	0.027	0.0315	0.0289	0.027	0.027	0.0278	0.0278	0.0293	0.0293	0.0273	0.0273	0.0279	0.0333	0.0333	0

