Character to attribute mapping:
  h: ?
  A: Algeria
  B: Armenia
  C: Azerbaijan
  D: Bolivia
  E: Brazil
  F: Canada
  G: China
  H: Democratic Republic of the Congo
  I: England
  J: Estonia
  K: France
  L: Georgia
  M: Germany
  N: India
  O: Indonesia
  P: Iran
  Q: Italy
  R: Kazakhstan
  S: Kenya
  T: Kyrgyzstan
  U: Lithuania
  V: Madagascar
  W: Mongolia
  X: Myanmar
  Y: Nepal
  Z: Norway
  [: Peru
  \: Poland
  ]: Russia
  ^: Spain
  _: Switzerland
  `: Tajikistan
  a: The Netherlands
  b: Turkmenistan
  c: Uganda
  d: United States of America
  e: Uzbekistan
  f: Vietnam
  g: Zimbabwe


Substitution rate (mu): 214.578439

Equilibrium frequencies (pi_i):
  A: 0.0269
  B: 0.0262
  C: 0.0247
  D: 0.0277
  E: 0.0271
  F: 0.0278
  G: 0.0184
  H: 0.0275
  I: 0.0252
  J: 0.0265
  K: 0.0268
  L: 0.0281
  M: 0.0251
  N: 0.0215
  O: 0.0264
  P: 0.0278
  Q: 0.0272
  R: 0.0181
  S: 0.0265
  T: 0.0205
  U: 0.0262
  V: 0.0246
  W: 0.0212
  X: 0.0255
  Y: 0.028
  Z: 0.0276
  [: 0.0278
  \: 0.0278
  ]: 0.016
  ^: 0.0271
  _: 0.0279
  `: 0.0267
  a: 0.0259
  b: 0.0271
  c: 0.0275
  d: 0.0272
  e: 0.0273
  f: 0.0257
  g: 0.0271

Symmetrized rates from j->i (W_ij):
	A	B	C	D	E	F	G	H	I	J	K	L	M	N	O	P	Q	R	S	T	U	V	W	X	Y	Z	[	\	]	^	_	`	a	b	c	d	e	f	g
  A	0	0.9845	0.9849	1.1973	1.0822	0.9843	1.2096	0.9854	0.988	0.9843	0.9861	0.9843	0.9869	0.9879	0.9851	0.9844	0.9851	0.9846	0.9858	0.9867	0.9851	0.9855	0.985	0.9845	0.9843	0.9852	1.1962	0.9852	0.9887	0.9859	0.9843	0.9849	0.9852	0.9842	0.9854	0.9848	0.9843	0.9845	1.0822
  B	0.9845	0	1.4842	0.9839	0.984	0.9828	1.0993	0.9839	0.9865	0.983	0.9847	1.4848	0.9856	0.9838	0.9834	0.9831	0.9836	0.984	0.9842	0.9846	0.984	0.9839	0.9831	0.9828	0.9828	0.9837	0.9839	0.9837	1.389	0.9843	0.9828	0.9835	0.9837	0.9828	0.9839	0.9831	0.9829	0.9828	0.984
  C	0.9849	1.4842	0	0.9844	0.9845	0.9832	1.2594	0.9844	0.9873	0.9834	0.9852	0.9834	0.9863	0.9846	0.9839	1.449	0.9841	1.6666	0.9848	0.986	0.9845	0.9846	0.9838	0.9833	0.9832	0.9841	0.9844	0.9841	2.1194	0.9848	0.9832	0.984	0.9843	0.9837	0.9844	0.9835	0.9836	0.9833	0.9845
  D	1.1973	0.9839	0.9844	0	1.0202	0.9838	1.0732	0.9849	0.9874	0.9838	0.9856	0.9838	0.9863	0.9857	0.9845	0.9839	0.9845	0.984	0.9852	0.9858	0.9847	0.9848	0.9842	0.9839	0.9838	0.9847	1.3807	0.9847	0.9873	0.9854	0.9838	0.9843	0.9846	0.9838	0.9849	0.9841	0.9838	0.9839	1.0202
  E	1.0822	0.984	0.9845	1.0202	0	0.9838	1.1803	0.985	0.9875	0.9838	0.9857	0.9838	0.9864	0.9871	0.9846	0.9839	0.9846	0.9842	0.9853	0.9862	0.9847	0.985	0.9845	0.984	0.9838	0.9847	1.0199	0.9847	0.9881	0.9855	0.9838	0.9844	0.9847	0.9838	0.985	0.9843	0.9839	0.9841	1.3822
  F	0.9843	0.9828	0.9832	0.9838	0.9838	0	0.9886	0.9837	0.986	0.9827	0.9844	0.9827	0.9851	0.9836	0.9832	0.9828	0.9834	0.9829	0.9839	0.9841	0.9836	0.9835	0.9826	0.9827	0.9827	0.9835	0.9838	0.9835	0.9851	0.9841	0.9827	0.9832	0.9833	0.9827	0.9837	1.4796	0.9827	0.9826	0.9838
  G	1.2096	1.0993	1.2594	1.0732	1.1803	0.9886	0	1.1018	1.3182	0.9916	1.0791	0.9903	1.1884	2.8361	1.2836	0.9893	1.0707	1.7764	1.2599	3.3091	1.0091	1.5258	2.88	1.4851	0.9958	1.0469	1.0726	1.0055	7.0068	1.1827	0.9888	1.1331	1.2673	0.989	1.1018	1.2596	0.9986	1.4842	1.1803
  H	0.9854	0.9839	0.9844	0.9849	0.985	0.9837	1.1018	0	0.9913	0.9838	0.9856	0.9837	0.9866	0.9849	0.9844	0.9838	0.9847	0.9843	1.1768	0.9858	0.9847	0.9848	0.9842	0.9838	0.9837	0.9846	0.9849	0.9846	1.0076	0.9854	0.9837	0.9843	1.0011	0.9837	1.3755	0.984	0.9837	0.9838	0.985
  I	0.988	0.9865	0.9873	0.9874	0.9875	0.986	1.3182	0.9913	0	0.9864	1.2529	0.9861	1.4155	0.9877	0.9868	0.9862	1.3222	0.988	0.9985	1.1247	1.1713	0.9876	0.9871	0.9861	0.9861	1.0168	0.9874	1.2418	1.8755	1.6764	0.9867	0.9872	1.036	0.986	0.9913	0.9865	0.9861	0.9862	0.9875
  J	0.9843	0.983	0.9834	0.9838	0.9838	0.9827	0.9916	0.9838	0.9864	0	0.9846	0.9828	0.9952	0.9835	0.9832	0.9829	0.9835	0.9833	0.9841	0.9843	0.9978	0.9837	0.9828	0.9827	0.9827	0.9836	0.9838	0.9836	1.4685	0.9842	0.9827	0.9834	0.9835	0.9827	0.9838	0.9829	0.9828	0.9827	0.9838
  K	0.9861	0.9847	0.9852	0.9856	0.9857	0.9844	1.0791	0.9856	1.2529	0.9846	0	0.9845	1.6213	0.9855	0.985	0.9846	0.987	0.9852	0.986	1.0289	0.9888	0.9856	0.9848	0.9845	0.9845	1.3621	0.9856	0.9862	1.5327	1.068	0.985	0.9852	0.9858	0.9844	0.9856	0.9847	0.9845	0.9845	0.9857
  L	0.9843	1.4848	0.9834	0.9838	0.9838	0.9827	0.9903	0.9837	0.9861	0.9828	0.9845	0	0.9852	0.9834	0.9832	0.9828	0.9834	0.983	0.984	0.9842	0.9837	0.9836	0.9826	0.9827	0.9827	0.9835	0.9838	0.9836	0.9917	0.9842	0.9827	0.9832	0.9834	0.9827	0.9837	0.9829	0.9828	0.9827	0.9838
  M	0.9869	0.9856	0.9863	0.9863	0.9864	0.9851	1.1884	0.9866	1.4155	0.9952	1.6213	0.9852	0	0.9865	0.9858	0.9853	1.0092	0.9868	0.9874	1.034	1.9046	0.9867	0.9859	0.9851	0.9851	1.1669	0.9863	1.0883	2.6222	1.0827	1.4823	0.9862	0.9891	0.9851	0.9866	0.9855	0.9851	0.9852	0.9864
  N	0.9879	0.9838	0.9846	0.9857	0.9871	0.9836	2.8361	0.9849	0.9877	0.9835	0.9855	0.9834	0.9865	0	0.9948	0.9835	0.9843	0.9849	0.9855	0.9863	0.9844	1.0655	0.9845	0.9837	1.4773	0.9845	0.9857	0.9842	1.0998	0.9853	0.9834	0.9843	0.9847	0.9834	0.9849	1.294	0.9835	0.9929	0.9871
  O	0.9851	0.9834	0.9839	0.9845	0.9846	0.9832	1.2836	0.9844	0.9868	0.9832	0.985	0.9832	0.9858	0.9948	0	0.9833	0.984	0.9837	0.9847	0.9854	0.9841	1.313	0.9837	0.9834	0.9832	0.9841	0.9844	0.984	0.9879	0.9848	0.9832	0.9838	0.9841	0.9832	0.9844	0.9837	0.9833	0.9834	0.9846
  P	0.9844	0.9831	1.449	0.9839	0.9839	0.9828	0.9893	0.9838	0.9862	0.9829	0.9846	0.9828	0.9853	0.9835	0.9833	0	0.9835	1.0092	0.9841	0.9843	0.9838	0.9837	0.9827	0.9828	0.9828	0.9836	0.9839	0.9837	1.0319	0.9843	0.9828	0.9833	0.9835	0.9829	0.9838	0.983	0.9829	0.9828	0.9839
  Q	0.9851	0.9836	0.9841	0.9845	0.9846	0.9834	1.0707	0.9847	1.3222	0.9835	0.987	0.9834	1.0092	0.9843	0.984	0.9835	0	0.9842	0.9854	0.9855	1.0141	0.9844	0.9836	0.9834	0.9834	0.9851	0.9845	1.0242	1.103	0.9915	0.9834	0.9839	0.9881	0.9834	0.9847	0.9836	0.9834	0.9834	0.9846
  R	0.9846	0.984	1.6666	0.984	0.9842	0.9829	1.7764	0.9843	0.988	0.9833	0.9852	0.983	0.9868	0.9849	0.9837	1.0092	0.9842	0	0.985	1.4699	0.9848	0.9851	0.9842	0.9831	0.983	0.984	0.984	0.9839	4.8274	0.985	0.983	0.9849	0.9848	1.9011	0.9843	0.9834	1.4681	0.9831	0.9842
  S	0.9858	0.9842	0.9848	0.9852	0.9853	0.9839	1.2599	1.1768	0.9985	0.9841	0.986	0.984	0.9874	0.9855	0.9847	0.9841	0.9854	0.985	0	0.9864	0.9851	0.9852	0.9848	0.9841	0.984	0.9849	0.9852	0.9849	1.0389	0.9859	0.984	0.9846	1.0291	0.9839	1.1768	0.9844	0.984	0.9841	0.9853
  T	0.9867	0.9846	0.986	0.9858	0.9862	0.9841	3.3091	0.9858	1.1247	0.9843	1.0289	0.9842	1.034	0.9863	0.9854	0.9843	0.9855	1.4699	0.9864	0	0.9857	0.9862	0.999	0.9843	0.9842	0.9861	0.9858	0.9853	1.1765	1.245	0.9843	1.3174	0.9857	0.9843	0.9858	0.985	1.0067	0.9844	0.9862
  U	0.9851	0.984	0.9845	0.9847	0.9847	0.9836	1.0091	0.9847	1.1713	0.9978	0.9888	0.9837	1.9046	0.9844	0.9841	0.9838	1.0141	0.9848	0.9851	0.9857	0	0.9847	0.9838	0.9836	0.9836	0.9852	0.9847	1.2282	1.7172	0.9869	0.9858	0.9843	0.9851	0.9836	0.9847	0.9838	0.9837	0.9836	0.9847
  V	0.9855	0.9839	0.9846	0.9848	0.985	0.9835	1.5258	0.9848	0.9876	0.9837	0.9856	0.9836	0.9867	1.0655	1.313	0.9837	0.9844	0.9851	0.9852	0.9862	0.9847	0	0.9847	0.9838	0.9837	0.9845	0.9848	0.9844	1.2934	0.9852	0.9835	0.9843	0.9847	0.9835	0.9848	0.9843	0.9836	0.9839	0.985
  W	0.985	0.9831	0.9838	0.9842	0.9845	0.9826	2.88	0.9842	0.9871	0.9828	0.9848	0.9826	0.9859	0.9845	0.9837	0.9827	0.9836	0.9842	0.9848	0.999	0.9838	0.9847	0	0.9827	0.9826	0.9837	0.9842	0.9835	1.6735	0.9847	0.9826	0.9836	0.9841	0.9826	0.9842	0.9833	0.9827	0.9828	0.9845
  X	0.9845	0.9828	0.9833	0.9839	0.984	0.9827	1.4851	0.9838	0.9861	0.9827	0.9845	0.9827	0.9851	0.9837	0.9834	0.9828	0.9834	0.9831	0.9841	0.9843	0.9836	0.9838	0.9827	0	0.9827	0.9835	0.9839	0.9835	0.9856	0.9842	0.9827	0.9832	0.9835	0.9827	0.9838	0.983	0.9827	0.9829	0.984
  Y	0.9843	0.9828	0.9832	0.9838	0.9838	0.9827	0.9958	0.9837	0.9861	0.9827	0.9845	0.9827	0.9851	1.4773	0.9832	0.9828	0.9834	0.983	0.984	0.9842	0.9836	0.9837	0.9826	0.9827	0	0.9835	0.9838	0.9835	0.9853	0.9842	0.9827	0.9832	0.9834	0.9827	0.9837	0.9831	0.9828	0.9827	0.9838
  Z	0.9852	0.9837	0.9841	0.9847	0.9847	0.9835	1.0469	0.9846	1.0168	0.9836	1.3621	0.9835	1.1669	0.9845	0.9841	0.9836	0.9851	0.984	0.9849	0.9861	0.9852	0.9845	0.9837	0.9835	0.9835	0	0.9847	0.9846	1.024	0.9874	0.9838	0.984	0.9845	0.9835	0.9846	0.9838	0.9835	0.9835	0.9847
  [	1.1962	0.9839	0.9844	1.3807	1.0199	0.9838	1.0726	0.9849	0.9874	0.9838	0.9856	0.9838	0.9863	0.9857	0.9844	0.9839	0.9845	0.984	0.9852	0.9858	0.9847	0.9848	0.9842	0.9839	0.9838	0.9847	0	0.9847	0.9873	0.9854	0.9838	0.9843	0.9846	0.9838	0.9849	0.9841	0.9838	0.9839	1.0199
  \	0.9852	0.9837	0.9841	0.9847	0.9847	0.9835	1.0055	0.9846	1.2418	0.9836	0.9862	0.9836	1.0883	0.9842	0.984	0.9837	1.0242	0.9839	0.9849	0.9853	1.2282	0.9844	0.9835	0.9835	0.9835	0.9846	0.9847	0	1.0171	0.9866	0.9837	0.984	0.9849	0.9835	0.9846	0.9837	0.9836	0.9835	0.9847
  ]	0.9887	1.389	2.1194	0.9873	0.9881	0.9851	7.0068	1.0076	1.8755	1.4685	1.5327	0.9917	2.6222	1.0998	0.9879	1.0319	1.103	4.8274	1.0389	1.1765	1.7172	1.2934	1.6735	0.9856	0.9853	1.024	0.9873	1.0171	0	1.0677	0.9878	1.1125	1.1896	1.0664	1.0076	0.9869	0.9861	0.9858	0.9881
  ^	0.9859	0.9843	0.9848	0.9854	0.9855	0.9841	1.1827	0.9854	1.6764	0.9842	1.068	0.9842	1.0827	0.9853	0.9848	0.9843	0.9915	0.985	0.9859	1.245	0.9869	0.9852	0.9847	0.9842	0.9842	0.9874	0.9854	0.9866	1.0677	0	0.9844	0.985	0.9868	0.9841	0.9854	0.9845	0.9842	0.9842	0.9855
  _	0.9843	0.9828	0.9832	0.9838	0.9838	0.9827	0.9888	0.9837	0.9867	0.9827	0.985	0.9827	1.4823	0.9834	0.9832	0.9828	0.9834	0.983	0.984	0.9843	0.9858	0.9835	0.9826	0.9827	0.9827	0.9838	0.9838	0.9837	0.9878	0.9844	0	0.9832	0.9834	0.9827	0.9837	0.9829	0.9828	0.9826	0.9838
  `	0.9849	0.9835	0.984	0.9843	0.9844	0.9832	1.1331	0.9843	0.9872	0.9834	0.9852	0.9832	0.9862	0.9843	0.9838	0.9833	0.9839	0.9849	0.9846	1.3174	0.9843	0.9843	0.9836	0.9832	0.9832	0.984	0.9843	0.984	1.1125	0.985	0.9832	0	0.984	0.9832	0.9843	0.9835	0.9833	0.9832	0.9844
  a	0.9852	0.9837	0.9843	0.9846	0.9847	0.9833	1.2673	1.0011	1.036	0.9835	0.9858	0.9834	0.9891	0.9847	0.9841	0.9835	0.9881	0.9848	1.0291	0.9857	0.9851	0.9847	0.9841	0.9835	0.9834	0.9845	0.9846	0.9849	1.1896	0.9868	0.9834	0.984	0	0.9833	1.0011	0.9837	0.9834	0.9835	0.9847
  b	0.9842	0.9828	0.9837	0.9838	0.9838	0.9827	0.989	0.9837	0.986	0.9827	0.9844	0.9827	0.9851	0.9834	0.9832	0.9829	0.9834	1.9011	0.9839	0.9843	0.9836	0.9835	0.9826	0.9827	0.9827	0.9835	0.9838	0.9835	1.0664	0.9841	0.9827	0.9832	0.9833	0	0.9837	0.9829	0.9829	0.9826	0.9838
  c	0.9854	0.9839	0.9844	0.9849	0.985	0.9837	1.1018	1.3755	0.9913	0.9838	0.9856	0.9837	0.9866	0.9849	0.9844	0.9838	0.9847	0.9843	1.1768	0.9858	0.9847	0.9848	0.9842	0.9838	0.9837	0.9846	0.9849	0.9846	1.0076	0.9854	0.9837	0.9843	1.0011	0.9837	0	0.984	0.9837	0.9838	0.985
  d	0.9848	0.9831	0.9835	0.9841	0.9843	1.4796	1.2596	0.984	0.9865	0.9829	0.9847	0.9829	0.9855	1.294	0.9837	0.983	0.9836	0.9834	0.9844	0.985	0.9838	0.9843	0.9833	0.983	0.9831	0.9838	0.9841	0.9837	0.9869	0.9845	0.9829	0.9835	0.9837	0.9829	0.984	0	0.9829	0.9852	0.9843
  e	0.9843	0.9829	0.9836	0.9838	0.9839	0.9827	0.9986	0.9837	0.9861	0.9828	0.9845	0.9828	0.9851	0.9835	0.9833	0.9829	0.9834	1.4681	0.984	1.0067	0.9837	0.9836	0.9827	0.9827	0.9828	0.9835	0.9838	0.9836	0.9861	0.9842	0.9828	0.9833	0.9834	0.9829	0.9837	0.9829	0	0.9827	0.9839
  f	0.9845	0.9828	0.9833	0.9839	0.9841	0.9826	1.4842	0.9838	0.9862	0.9827	0.9845	0.9827	0.9852	0.9929	0.9834	0.9828	0.9834	0.9831	0.9841	0.9844	0.9836	0.9839	0.9828	0.9829	0.9827	0.9835	0.9839	0.9835	0.9858	0.9842	0.9826	0.9832	0.9835	0.9826	0.9838	0.9852	0.9827	0	0.9841
  g	1.0822	0.984	0.9845	1.0202	1.3822	0.9838	1.1803	0.985	0.9875	0.9838	0.9857	0.9838	0.9864	0.9871	0.9846	0.9839	0.9846	0.9842	0.9853	0.9862	0.9847	0.985	0.9845	0.984	0.9838	0.9847	1.0199	0.9847	0.9881	0.9855	0.9838	0.9844	0.9847	0.9838	0.985	0.9843	0.9839	0.9841	0

Actual rates from j->i (Q_ij):
	A	B	C	D	E	F	G	H	I	J	K	L	M	N	O	P	Q	R	S	T	U	V	W	X	Y	Z	[	\	]	^	_	`	a	b	c	d	e	f	g
  A	0	0.0265	0.0265	0.0322	0.0291	0.0265	0.0325	0.0265	0.0266	0.0265	0.0265	0.0265	0.0266	0.0266	0.0265	0.0265	0.0265	0.0265	0.0265	0.0265	0.0265	0.0265	0.0265	0.0265	0.0265	0.0265	0.0322	0.0265	0.0266	0.0265	0.0265	0.0265	0.0265	0.0265	0.0265	0.0265	0.0265	0.0265	0.0291
  B	0.0258	0	0.0389	0.0258	0.0258	0.0258	0.0288	0.0258	0.0259	0.0258	0.0258	0.0389	0.0258	0.0258	0.0258	0.0258	0.0258	0.0258	0.0258	0.0258	0.0258	0.0258	0.0258	0.0258	0.0258	0.0258	0.0258	0.0258	0.0364	0.0258	0.0258	0.0258	0.0258	0.0258	0.0258	0.0258	0.0258	0.0258	0.0258
  C	0.0243	0.0367	0	0.0243	0.0243	0.0243	0.0311	0.0243	0.0244	0.0243	0.0243	0.0243	0.0244	0.0243	0.0243	0.0358	0.0243	0.0412	0.0243	0.0244	0.0243	0.0243	0.0243	0.0243	0.0243	0.0243	0.0243	0.0243	0.0523	0.0243	0.0243	0.0243	0.0243	0.0243	0.0243	0.0243	0.0243	0.0243	0.0243
  D	0.0331	0.0272	0.0272	0	0.0282	0.0272	0.0297	0.0272	0.0273	0.0272	0.0273	0.0272	0.0273	0.0273	0.0272	0.0272	0.0272	0.0272	0.0273	0.0273	0.0272	0.0272	0.0272	0.0272	0.0272	0.0272	0.0382	0.0272	0.0273	0.0273	0.0272	0.0272	0.0272	0.0272	0.0272	0.0272	0.0272	0.0272	0.0282
  E	0.0293	0.0266	0.0267	0.0276	0	0.0266	0.032	0.0267	0.0267	0.0266	0.0267	0.0266	0.0267	0.0267	0.0267	0.0266	0.0267	0.0267	0.0267	0.0267	0.0267	0.0267	0.0267	0.0266	0.0266	0.0267	0.0276	0.0267	0.0268	0.0267	0.0266	0.0267	0.0267	0.0266	0.0267	0.0267	0.0266	0.0266	0.0374
  F	0.0274	0.0273	0.0273	0.0274	0.0274	0	0.0275	0.0274	0.0274	0.0273	0.0274	0.0273	0.0274	0.0274	0.0273	0.0273	0.0273	0.0273	0.0274	0.0274	0.0274	0.0274	0.0273	0.0273	0.0273	0.0274	0.0274	0.0274	0.0274	0.0274	0.0273	0.0273	0.0273	0.0273	0.0274	0.0411	0.0273	0.0273	0.0274
  G	0.0222	0.0202	0.0232	0.0197	0.0217	0.0182	0	0.0203	0.0242	0.0182	0.0198	0.0182	0.0219	0.0522	0.0236	0.0182	0.0197	0.0327	0.0232	0.0608	0.0186	0.0281	0.053	0.0273	0.0183	0.0192	0.0197	0.0185	0.1288	0.0217	0.0182	0.0208	0.0233	0.0182	0.0203	0.0232	0.0184	0.0273	0.0217
  H	0.0271	0.027	0.027	0.027	0.027	0.027	0.0303	0	0.0272	0.027	0.0271	0.027	0.0271	0.027	0.027	0.027	0.027	0.027	0.0323	0.0271	0.027	0.027	0.027	0.027	0.027	0.027	0.027	0.027	0.0277	0.0271	0.027	0.027	0.0275	0.027	0.0378	0.027	0.027	0.027	0.027
  I	0.0249	0.0248	0.0249	0.0249	0.0249	0.0248	0.0332	0.025	0	0.0248	0.0315	0.0248	0.0356	0.0249	0.0249	0.0248	0.0333	0.0249	0.0251	0.0283	0.0295	0.0249	0.0249	0.0248	0.0248	0.0256	0.0249	0.0313	0.0472	0.0422	0.0248	0.0249	0.0261	0.0248	0.025	0.0248	0.0248	0.0248	0.0249
  J	0.0261	0.0261	0.0261	0.0261	0.0261	0.0261	0.0263	0.0261	0.0262	0	0.0261	0.0261	0.0264	0.0261	0.0261	0.0261	0.0261	0.0261	0.0261	0.0261	0.0265	0.0261	0.0261	0.0261	0.0261	0.0261	0.0261	0.0261	0.0389	0.0261	0.0261	0.0261	0.0261	0.0261	0.0261	0.0261	0.0261	0.0261	0.0261
  K	0.0264	0.0264	0.0264	0.0264	0.0264	0.0264	0.0289	0.0264	0.0336	0.0264	0	0.0264	0.0435	0.0264	0.0264	0.0264	0.0265	0.0264	0.0264	0.0276	0.0265	0.0264	0.0264	0.0264	0.0264	0.0365	0.0264	0.0264	0.0411	0.0286	0.0264	0.0264	0.0264	0.0264	0.0264	0.0264	0.0264	0.0264	0.0264
  L	0.0276	0.0417	0.0276	0.0276	0.0276	0.0276	0.0278	0.0276	0.0277	0.0276	0.0277	0	0.0277	0.0276	0.0276	0.0276	0.0276	0.0276	0.0276	0.0276	0.0276	0.0276	0.0276	0.0276	0.0276	0.0276	0.0276	0.0276	0.0279	0.0276	0.0276	0.0276	0.0276	0.0276	0.0276	0.0276	0.0276	0.0276	0.0276
  M	0.0248	0.0248	0.0248	0.0248	0.0248	0.0248	0.0299	0.0248	0.0356	0.025	0.0408	0.0248	0	0.0248	0.0248	0.0248	0.0254	0.0248	0.0248	0.026	0.0479	0.0248	0.0248	0.0248	0.0248	0.0293	0.0248	0.0274	0.0659	0.0272	0.0373	0.0248	0.0249	0.0248	0.0248	0.0248	0.0248	0.0248	0.0248
  N	0.0212	0.0212	0.0212	0.0212	0.0212	0.0211	0.061	0.0212	0.0212	0.0211	0.0212	0.0211	0.0212	0	0.0214	0.0211	0.0212	0.0212	0.0212	0.0212	0.0212	0.0229	0.0212	0.0212	0.0318	0.0212	0.0212	0.0212	0.0236	0.0212	0.0211	0.0212	0.0212	0.0211	0.0212	0.0278	0.0211	0.0214	0.0212
  O	0.026	0.026	0.026	0.026	0.026	0.026	0.0339	0.026	0.0261	0.026	0.026	0.026	0.0261	0.0263	0	0.026	0.026	0.026	0.026	0.026	0.026	0.0347	0.026	0.026	0.026	0.026	0.026	0.026	0.0261	0.026	0.026	0.026	0.026	0.026	0.026	0.026	0.026	0.026	0.026
  P	0.0274	0.0273	0.0403	0.0274	0.0274	0.0273	0.0275	0.0274	0.0274	0.0273	0.0274	0.0273	0.0274	0.0274	0.0274	0	0.0274	0.0281	0.0274	0.0274	0.0274	0.0274	0.0273	0.0273	0.0273	0.0274	0.0274	0.0274	0.0287	0.0274	0.0273	0.0274	0.0274	0.0273	0.0274	0.0273	0.0273	0.0273	0.0274
  Q	0.0268	0.0267	0.0268	0.0268	0.0268	0.0267	0.0291	0.0268	0.0359	0.0267	0.0268	0.0267	0.0274	0.0268	0.0268	0.0267	0	0.0268	0.0268	0.0268	0.0276	0.0268	0.0267	0.0267	0.0267	0.0268	0.0268	0.0278	0.03	0.027	0.0267	0.0267	0.0269	0.0267	0.0268	0.0267	0.0267	0.0267	0.0268
  R	0.0178	0.0178	0.0302	0.0178	0.0178	0.0178	0.0322	0.0178	0.0179	0.0178	0.0179	0.0178	0.0179	0.0178	0.0178	0.0183	0.0178	0	0.0178	0.0266	0.0178	0.0178	0.0178	0.0178	0.0178	0.0178	0.0178	0.0178	0.0875	0.0178	0.0178	0.0178	0.0178	0.0344	0.0178	0.0178	0.0266	0.0178	0.0178
  S	0.0261	0.0261	0.0261	0.0261	0.0261	0.0261	0.0334	0.0312	0.0264	0.0261	0.0261	0.0261	0.0261	0.0261	0.0261	0.0261	0.0261	0.0261	0	0.0261	0.0261	0.0261	0.0261	0.0261	0.0261	0.0261	0.0261	0.0261	0.0275	0.0261	0.0261	0.0261	0.0272	0.0261	0.0312	0.0261	0.0261	0.0261	0.0261
  T	0.0202	0.0202	0.0202	0.0202	0.0202	0.0202	0.0678	0.0202	0.023	0.0202	0.0211	0.0202	0.0212	0.0202	0.0202	0.0202	0.0202	0.0301	0.0202	0	0.0202	0.0202	0.0205	0.0202	0.0202	0.0202	0.0202	0.0202	0.0241	0.0255	0.0202	0.027	0.0202	0.0202	0.0202	0.0202	0.0206	0.0202	0.0202
  U	0.0258	0.0257	0.0257	0.0258	0.0258	0.0257	0.0264	0.0258	0.0306	0.0261	0.0259	0.0257	0.0498	0.0257	0.0257	0.0257	0.0265	0.0258	0.0258	0.0258	0	0.0258	0.0257	0.0257	0.0257	0.0258	0.0258	0.0321	0.0449	0.0258	0.0258	0.0257	0.0258	0.0257	0.0258	0.0257	0.0257	0.0257	0.0258
  V	0.0243	0.0242	0.0242	0.0242	0.0242	0.0242	0.0376	0.0242	0.0243	0.0242	0.0243	0.0242	0.0243	0.0262	0.0323	0.0242	0.0242	0.0242	0.0242	0.0243	0.0242	0	0.0242	0.0242	0.0242	0.0242	0.0242	0.0242	0.0318	0.0242	0.0242	0.0242	0.0242	0.0242	0.0242	0.0242	0.0242	0.0242	0.0242
  W	0.0209	0.0209	0.0209	0.0209	0.0209	0.0208	0.0611	0.0209	0.0209	0.0208	0.0209	0.0208	0.0209	0.0209	0.0209	0.0208	0.0209	0.0209	0.0209	0.0212	0.0209	0.0209	0	0.0208	0.0208	0.0209	0.0209	0.0209	0.0355	0.0209	0.0208	0.0209	0.0209	0.0208	0.0209	0.0209	0.0208	0.0208	0.0209
  X	0.0251	0.025	0.025	0.0251	0.0251	0.025	0.0378	0.0251	0.0251	0.025	0.0251	0.025	0.0251	0.0251	0.025	0.025	0.025	0.025	0.0251	0.0251	0.025	0.0251	0.025	0	0.025	0.025	0.0251	0.025	0.0251	0.0251	0.025	0.025	0.025	0.025	0.0251	0.025	0.025	0.025	0.0251
  Y	0.0276	0.0275	0.0275	0.0275	0.0275	0.0275	0.0279	0.0275	0.0276	0.0275	0.0276	0.0275	0.0276	0.0414	0.0275	0.0275	0.0275	0.0275	0.0275	0.0276	0.0275	0.0275	0.0275	0.0275	0	0.0275	0.0275	0.0275	0.0276	0.0276	0.0275	0.0275	0.0275	0.0275	0.0275	0.0275	0.0275	0.0275	0.0275
  Z	0.0272	0.0271	0.0271	0.0271	0.0271	0.0271	0.0289	0.0271	0.028	0.0271	0.0375	0.0271	0.0322	0.0271	0.0271	0.0271	0.0271	0.0271	0.0271	0.0272	0.0272	0.0271	0.0271	0.0271	0.0271	0	0.0271	0.0271	0.0282	0.0272	0.0271	0.0271	0.0271	0.0271	0.0271	0.0271	0.0271	0.0271	0.0271
  [	0.0333	0.0274	0.0274	0.0384	0.0284	0.0273	0.0298	0.0274	0.0274	0.0273	0.0274	0.0273	0.0274	0.0274	0.0274	0.0274	0.0274	0.0274	0.0274	0.0274	0.0274	0.0274	0.0274	0.0274	0.0273	0.0274	0	0.0274	0.0274	0.0274	0.0273	0.0274	0.0274	0.0273	0.0274	0.0274	0.0273	0.0274	0.0284
  \	0.0274	0.0273	0.0274	0.0274	0.0274	0.0273	0.0279	0.0274	0.0345	0.0273	0.0274	0.0273	0.0302	0.0274	0.0273	0.0273	0.0285	0.0273	0.0274	0.0274	0.0341	0.0274	0.0273	0.0273	0.0273	0.0274	0.0274	0	0.0283	0.0274	0.0273	0.0273	0.0274	0.0273	0.0274	0.0273	0.0273	0.0273	0.0274
  ]	0.0158	0.0222	0.0339	0.0158	0.0158	0.0157	0.112	0.0161	0.03	0.0235	0.0245	0.0159	0.0419	0.0176	0.0158	0.0165	0.0176	0.0772	0.0166	0.0188	0.0274	0.0207	0.0267	0.0158	0.0157	0.0164	0.0158	0.0163	0	0.0171	0.0158	0.0178	0.019	0.017	0.0161	0.0158	0.0158	0.0158	0.0158
  ^	0.0267	0.0267	0.0267	0.0267	0.0267	0.0267	0.0321	0.0267	0.0455	0.0267	0.029	0.0267	0.0294	0.0267	0.0267	0.0267	0.0269	0.0267	0.0267	0.0338	0.0268	0.0267	0.0267	0.0267	0.0267	0.0268	0.0267	0.0268	0.029	0	0.0267	0.0267	0.0268	0.0267	0.0267	0.0267	0.0267	0.0267	0.0267
  _	0.0274	0.0274	0.0274	0.0274	0.0274	0.0274	0.0275	0.0274	0.0275	0.0274	0.0274	0.0274	0.0413	0.0274	0.0274	0.0274	0.0274	0.0274	0.0274	0.0274	0.0275	0.0274	0.0274	0.0274	0.0274	0.0274	0.0274	0.0274	0.0275	0.0274	0	0.0274	0.0274	0.0274	0.0274	0.0274	0.0274	0.0274	0.0274
  `	0.0263	0.0263	0.0263	0.0263	0.0263	0.0263	0.0303	0.0263	0.0264	0.0263	0.0263	0.0263	0.0264	0.0263	0.0263	0.0263	0.0263	0.0263	0.0263	0.0352	0.0263	0.0263	0.0263	0.0263	0.0263	0.0263	0.0263	0.0263	0.0297	0.0263	0.0263	0	0.0263	0.0263	0.0263	0.0263	0.0263	0.0263	0.0263
  a	0.0256	0.0255	0.0255	0.0255	0.0255	0.0255	0.0329	0.026	0.0269	0.0255	0.0256	0.0255	0.0257	0.0255	0.0255	0.0255	0.0256	0.0255	0.0267	0.0256	0.0256	0.0255	0.0255	0.0255	0.0255	0.0255	0.0255	0.0255	0.0309	0.0256	0.0255	0.0255	0	0.0255	0.026	0.0255	0.0255	0.0255	0.0255
  b	0.0266	0.0266	0.0266	0.0266	0.0266	0.0266	0.0268	0.0266	0.0267	0.0266	0.0266	0.0266	0.0267	0.0266	0.0266	0.0266	0.0266	0.0514	0.0266	0.0266	0.0266	0.0266	0.0266	0.0266	0.0266	0.0266	0.0266	0.0266	0.0289	0.0266	0.0266	0.0266	0.0266	0	0.0266	0.0266	0.0266	0.0266	0.0266
  c	0.0271	0.027	0.027	0.027	0.027	0.027	0.0303	0.0378	0.0272	0.027	0.0271	0.027	0.0271	0.027	0.027	0.027	0.027	0.027	0.0323	0.0271	0.027	0.027	0.027	0.027	0.027	0.027	0.027	0.027	0.0277	0.0271	0.027	0.027	0.0275	0.027	0	0.027	0.027	0.027	0.027
  d	0.0268	0.0268	0.0268	0.0268	0.0268	0.0403	0.0343	0.0268	0.0269	0.0268	0.0268	0.0268	0.0268	0.0352	0.0268	0.0268	0.0268	0.0268	0.0268	0.0268	0.0268	0.0268	0.0268	0.0268	0.0268	0.0268	0.0268	0.0268	0.0269	0.0268	0.0268	0.0268	0.0268	0.0268	0.0268	0	0.0268	0.0268	0.0268
  e	0.0268	0.0268	0.0268	0.0268	0.0268	0.0268	0.0272	0.0268	0.0269	0.0268	0.0269	0.0268	0.0269	0.0268	0.0268	0.0268	0.0268	0.04	0.0268	0.0275	0.0268	0.0268	0.0268	0.0268	0.0268	0.0268	0.0268	0.0268	0.0269	0.0268	0.0268	0.0268	0.0268	0.0268	0.0268	0.0268	0	0.0268	0.0268
  f	0.0253	0.0253	0.0253	0.0253	0.0253	0.0253	0.0382	0.0253	0.0254	0.0253	0.0253	0.0253	0.0253	0.0255	0.0253	0.0253	0.0253	0.0253	0.0253	0.0253	0.0253	0.0253	0.0253	0.0253	0.0253	0.0253	0.0253	0.0253	0.0253	0.0253	0.0253	0.0253	0.0253	0.0253	0.0253	0.0253	0.0253	0	0.0253
  g	0.0293	0.0266	0.0267	0.0276	0.0374	0.0266	0.032	0.0267	0.0267	0.0266	0.0267	0.0266	0.0267	0.0267	0.0267	0.0266	0.0267	0.0267	0.0267	0.0267	0.0267	0.0267	0.0267	0.0266	0.0266	0.0267	0.0276	0.0267	0.0268	0.0267	0.0266	0.0267	0.0267	0.0266	0.0267	0.0267	0.0266	0.0266	0

