Character to attribute mapping:
  A: 0.ANT1
  B: 0.ANT2
  C: 0.ANT3
  D: 0.ANT5
  E: 0.PE10
  F: 0.PE2
  G: 0.PE4t
  H: 0.PE5
  I: 0.PE7
  J: 1.ANT1
  K: 1.IN1
  L: 1.IN2
  M: 1.IN3
  N: 1.ORI1
  O: 1.ORI2
  P: 1.ORI3
  Q: 2.ANT1
  R: 2.ANT2
  S: 2.ANT3
  T: 2.MED0
  U: 2.MED1
  V: 2.MED2
  W: 2.MED3
  X: 3.ANT1
  Y: 3.ANT2
  Z: 4.ANT1
  [: ?


Substitution rate (mu): 408.916153

Equilibrium frequencies (pi_i):
  A: 0.0384
  B: 0.0384
  C: 0.0385
  D: 0.0384
  E: 0.0384
  F: 0.0385
  G: 0.0384
  H: 0.0384
  I: 0.0398
  J: 0.0384
  K: 0.0384
  L: 0.0384
  M: 0.0384
  N: 0.0381
  O: 0.0384
  P: 0.0384
  Q: 0.0384
  R: 0.0384
  S: 0.0384
  T: 0.0384
  U: 0.0384
  V: 0.0384
  W: 0.0384
  X: 0.0384
  Y: 0.0384
  Z: 0.0385

Symmetrized rates from j->i (W_ij):
	A	B	C	D	E	F	G	H	I	J	K	L	M	N	O	P	Q	R	S	T	U	V	W	X	Y	Z
  A	0	1.0702	1.0459	1.1538	1.0373	1.049	1.0373	1.1587	1.0304	1.0314	1.0288	1.028	1.0275	1.0195	1.0269	1.0252	1.0226	1.0226	1.0289	1.0302	1.022	1.022	1.0267	1.0255	1.0255	1.0359
  B	1.0702	0	1.1638	1.155	1.0262	1.0349	1.0262	1.0443	1.0281	1.0377	1.0314	1.0292	1.0284	1.0202	1.0276	1.0258	1.0238	1.0238	1.0315	1.0328	1.0229	1.0229	1.028	1.0309	1.0309	1.0523
  C	1.0459	1.1638	0	1.0745	1.028	1.0365	1.028	1.038	1.0307	1.0534	1.0384	1.0334	1.0316	1.0229	1.0306	1.0286	1.0278	1.0278	1.0387	1.0401	1.026	1.026	1.0322	1.0446	1.0446	1.0908
  D	1.1538	1.155	1.0745	0	1.0282	1.0377	1.0282	1.0716	1.028	1.0327	1.0292	1.028	1.0274	1.0194	1.0268	1.025	1.0226	1.0226	1.0292	1.0305	1.0219	1.0219	1.0267	1.0265	1.0265	1.0396
  E	1.0373	1.0262	1.028	1.0282	0	1.0711	1.3663	1.0662	1.0309	1.0263	1.0242	1.0235	1.0231	1.0152	1.0225	1.0208	1.0182	1.0182	1.0242	1.0255	1.0177	1.0177	1.0222	1.0205	1.0205	1.0296
  F	1.049	1.0349	1.0365	1.0377	1.0711	0	1.0711	1.0846	1.1074	1.0347	1.0325	1.0318	1.0314	1.0234	1.0308	1.0291	1.0264	1.0264	1.0326	1.0338	1.0259	1.0259	1.0305	1.0288	1.0288	1.038
  G	1.0373	1.0262	1.028	1.0282	1.3663	1.0711	0	1.0662	1.0309	1.0263	1.0242	1.0235	1.0231	1.0152	1.0225	1.0208	1.0182	1.0182	1.0242	1.0255	1.0177	1.0177	1.0222	1.0205	1.0205	1.0296
  H	1.1587	1.0443	1.038	1.0716	1.0662	1.0846	1.0662	0	1.0386	1.0324	1.0301	1.0293	1.0289	1.0209	1.0283	1.0265	1.0239	1.0239	1.0301	1.0314	1.0234	1.0234	1.028	1.0264	1.0264	1.0361
  I	1.0304	1.0281	1.0307	1.028	1.0309	1.1074	1.0309	1.0386	0	1.0293	1.0271	1.0264	1.026	1.0177	1.0254	1.0236	1.0209	1.0209	1.0272	1.0285	1.0204	1.0204	1.0251	1.0233	1.0233	1.0327
  J	1.0314	1.0377	1.0534	1.0327	1.0263	1.0347	1.0263	1.0324	1.0293	0	1.1608	1.0724	1.0435	1.0224	1.0336	1.0287	1.0255	1.0255	1.0334	1.0347	1.0245	1.0245	1.0297	1.0695	1.0695	1.0562
  K	1.0288	1.0314	1.0384	1.0292	1.0242	1.0325	1.0242	1.0301	1.0271	1.1608	0	1.1535	1.0681	1.0216	1.0399	1.029	1.0229	1.0229	1.0296	1.0309	1.0222	1.0222	1.0271	1.0389	1.0389	1.0407
  L	1.028	1.0292	1.0334	1.028	1.0235	1.0318	1.0235	1.0293	1.0264	1.0724	1.1535	0	1.1507	1.0245	1.0655	1.0356	1.0221	1.0221	1.0284	1.0296	1.0215	1.0215	1.0261	1.0288	1.0288	1.0356
  M	1.0275	1.0284	1.0316	1.0274	1.0231	1.0314	1.0231	1.0289	1.026	1.0435	1.0681	1.1507	0	1.0355	1.1469	1.0583	1.0216	1.0216	1.0278	1.029	1.0211	1.0211	1.0257	1.0254	1.0254	1.0338
  N	1.0195	1.0202	1.0229	1.0194	1.0152	1.0234	1.0152	1.0209	1.0177	1.0224	1.0216	1.0245	1.0355	0	1.0692	1.1744	1.0137	1.0137	1.0197	1.0209	1.0132	1.0132	1.0177	1.0161	1.0161	1.0249
  O	1.0269	1.0276	1.0306	1.0268	1.0225	1.0308	1.0225	1.0283	1.0254	1.0336	1.0399	1.0655	1.1469	1.0692	0	1.1306	1.021	1.021	1.0271	1.0284	1.0205	1.0205	1.0251	1.0239	1.0239	1.0327
  P	1.0252	1.0258	1.0286	1.025	1.0208	1.0291	1.0208	1.0265	1.0236	1.0287	1.029	1.0356	1.0583	1.1744	1.1306	0	1.0193	1.0193	1.0254	1.0266	1.0188	1.0188	1.0233	1.0217	1.0217	1.0307
  Q	1.0226	1.0238	1.0278	1.0226	1.0182	1.0264	1.0182	1.0239	1.0209	1.0255	1.0229	1.0221	1.0216	1.0137	1.021	1.0193	0	1.3533	1.13	1.0373	1.0174	1.0174	1.025	1.0196	1.0196	1.042
  R	1.0226	1.0238	1.0278	1.0226	1.0182	1.0264	1.0182	1.0239	1.0209	1.0255	1.0229	1.0221	1.0216	1.0137	1.021	1.0193	1.3533	0	1.13	1.0373	1.0174	1.0174	1.025	1.0196	1.0196	1.042
  S	1.0289	1.0315	1.0387	1.0292	1.0242	1.0326	1.0242	1.0301	1.0272	1.0334	1.0296	1.0284	1.0278	1.0197	1.0271	1.0254	1.13	1.13	0	1.0781	1.0265	1.0265	1.0421	1.0272	1.0272	1.0845
  T	1.0302	1.0328	1.0401	1.0305	1.0255	1.0338	1.0255	1.0314	1.0285	1.0347	1.0309	1.0296	1.029	1.0209	1.0284	1.0266	1.0373	1.0373	1.0781	0	1.058	1.058	1.1536	1.0284	1.0284	1.0868
  U	1.022	1.0229	1.026	1.0219	1.0177	1.0259	1.0177	1.0234	1.0204	1.0245	1.0222	1.0215	1.0211	1.0132	1.0205	1.0188	1.0174	1.0174	1.0265	1.058	0	1.3499	1.1237	1.0187	1.0187	1.032
  V	1.022	1.0229	1.026	1.0219	1.0177	1.0259	1.0177	1.0234	1.0204	1.0245	1.0222	1.0215	1.0211	1.0132	1.0205	1.0188	1.0174	1.0174	1.0265	1.058	1.3499	0	1.1237	1.0187	1.0187	1.032
  W	1.0267	1.028	1.0322	1.0267	1.0222	1.0305	1.0222	1.028	1.0251	1.0297	1.0271	1.0261	1.0257	1.0177	1.0251	1.0233	1.025	1.025	1.0421	1.1536	1.1237	1.1237	0	1.0237	1.0237	1.0486
  X	1.0255	1.0309	1.0446	1.0265	1.0205	1.0288	1.0205	1.0264	1.0233	1.0695	1.0389	1.0288	1.0254	1.0161	1.0239	1.0217	1.0196	1.0196	1.0272	1.0284	1.0187	1.0187	1.0237	0	1.3704	1.0473
  Y	1.0255	1.0309	1.0446	1.0265	1.0205	1.0288	1.0205	1.0264	1.0233	1.0695	1.0389	1.0288	1.0254	1.0161	1.0239	1.0217	1.0196	1.0196	1.0272	1.0284	1.0187	1.0187	1.0237	1.3704	0	1.0473
  Z	1.0359	1.0523	1.0908	1.0396	1.0296	1.038	1.0296	1.0361	1.0327	1.0562	1.0407	1.0356	1.0338	1.0249	1.0327	1.0307	1.042	1.042	1.0845	1.0868	1.032	1.032	1.0486	1.0473	1.0473	0

Actual rates from j->i (Q_ij):
	A	B	C	D	E	F	G	H	I	J	K	L	M	N	O	P	Q	R	S	T	U	V	W	X	Y	Z
  A	0	0.0411	0.0402	0.0443	0.0398	0.0403	0.0398	0.0445	0.0396	0.0396	0.0395	0.0395	0.0395	0.0391	0.0394	0.0394	0.0393	0.0393	0.0395	0.0396	0.0392	0.0392	0.0394	0.0394	0.0394	0.0398
  B	0.0411	0	0.0447	0.0443	0.0394	0.0397	0.0394	0.0401	0.0395	0.0398	0.0396	0.0395	0.0395	0.0392	0.0395	0.0394	0.0393	0.0393	0.0396	0.0397	0.0393	0.0393	0.0395	0.0396	0.0396	0.0404
  C	0.0402	0.0448	0	0.0413	0.0395	0.0399	0.0395	0.0399	0.0396	0.0405	0.0399	0.0397	0.0397	0.0393	0.0396	0.0396	0.0395	0.0395	0.0399	0.04	0.0395	0.0395	0.0397	0.0402	0.0402	0.0419
  D	0.0443	0.0443	0.0413	0	0.0395	0.0398	0.0395	0.0411	0.0395	0.0396	0.0395	0.0395	0.0394	0.0391	0.0394	0.0393	0.0393	0.0393	0.0395	0.0396	0.0392	0.0392	0.0394	0.0394	0.0394	0.0399
  E	0.0398	0.0394	0.0395	0.0395	0	0.0411	0.0525	0.0409	0.0396	0.0394	0.0393	0.0393	0.0393	0.039	0.0393	0.0392	0.0391	0.0391	0.0393	0.0394	0.0391	0.0391	0.0393	0.0392	0.0392	0.0395
  F	0.0403	0.0398	0.0399	0.0399	0.0412	0	0.0412	0.0417	0.0426	0.0398	0.0397	0.0397	0.0397	0.0394	0.0396	0.0396	0.0395	0.0395	0.0397	0.0398	0.0395	0.0395	0.0396	0.0396	0.0396	0.0399
  G	0.0398	0.0394	0.0395	0.0395	0.0525	0.0411	0	0.0409	0.0396	0.0394	0.0393	0.0393	0.0393	0.039	0.0393	0.0392	0.0391	0.0391	0.0393	0.0394	0.0391	0.0391	0.0393	0.0392	0.0392	0.0395
  H	0.0445	0.0401	0.0399	0.0412	0.041	0.0417	0.041	0	0.0399	0.0397	0.0396	0.0396	0.0395	0.0392	0.0395	0.0394	0.0393	0.0393	0.0396	0.0396	0.0393	0.0393	0.0395	0.0394	0.0394	0.0398
  I	0.041	0.0409	0.041	0.0409	0.0411	0.0441	0.0411	0.0414	0	0.041	0.0409	0.0409	0.0409	0.0405	0.0408	0.0408	0.0407	0.0407	0.0409	0.041	0.0406	0.0406	0.0408	0.0407	0.0407	0.0411
  J	0.0397	0.0399	0.0405	0.0397	0.0395	0.0398	0.0395	0.0397	0.0396	0	0.0446	0.0412	0.0401	0.0393	0.0397	0.0395	0.0394	0.0394	0.0397	0.0398	0.0394	0.0394	0.0396	0.0411	0.0411	0.0406
  K	0.0395	0.0396	0.0399	0.0395	0.0393	0.0397	0.0393	0.0396	0.0394	0.0446	0	0.0443	0.041	0.0392	0.0399	0.0395	0.0393	0.0393	0.0395	0.0396	0.0393	0.0393	0.0394	0.0399	0.0399	0.04
  L	0.0395	0.0395	0.0397	0.0395	0.0393	0.0396	0.0393	0.0395	0.0394	0.0412	0.0443	0	0.0442	0.0393	0.0409	0.0398	0.0392	0.0392	0.0395	0.0395	0.0392	0.0392	0.0394	0.0395	0.0395	0.0398
  M	0.0395	0.0395	0.0396	0.0395	0.0393	0.0396	0.0393	0.0395	0.0394	0.0401	0.041	0.0442	0	0.0398	0.044	0.0406	0.0392	0.0392	0.0395	0.0395	0.0392	0.0392	0.0394	0.0394	0.0394	0.0397
  N	0.0389	0.0389	0.039	0.0389	0.0387	0.039	0.0387	0.0389	0.0388	0.039	0.039	0.0391	0.0395	0	0.0408	0.0448	0.0387	0.0387	0.0389	0.0389	0.0386	0.0386	0.0388	0.0387	0.0387	0.0391
  O	0.0394	0.0395	0.0396	0.0394	0.0393	0.0396	0.0393	0.0395	0.0394	0.0397	0.0399	0.0409	0.044	0.0411	0	0.0434	0.0392	0.0392	0.0394	0.0395	0.0392	0.0392	0.0394	0.0393	0.0393	0.0397
  P	0.0394	0.0394	0.0395	0.0394	0.0392	0.0395	0.0392	0.0394	0.0393	0.0395	0.0395	0.0398	0.0407	0.0451	0.0434	0	0.0392	0.0392	0.0394	0.0394	0.0391	0.0391	0.0393	0.0392	0.0392	0.0396
  Q	0.0393	0.0393	0.0395	0.0393	0.0391	0.0394	0.0391	0.0393	0.0392	0.0394	0.0393	0.0393	0.0392	0.0389	0.0392	0.0391	0	0.052	0.0434	0.0398	0.0391	0.0391	0.0394	0.0392	0.0392	0.04
  R	0.0393	0.0393	0.0395	0.0393	0.0391	0.0394	0.0391	0.0393	0.0392	0.0394	0.0393	0.0393	0.0392	0.0389	0.0392	0.0391	0.052	0	0.0434	0.0398	0.0391	0.0391	0.0394	0.0392	0.0392	0.04
  S	0.0395	0.0396	0.0399	0.0396	0.0394	0.0397	0.0394	0.0396	0.0395	0.0397	0.0396	0.0395	0.0395	0.0392	0.0395	0.0394	0.0434	0.0434	0	0.0414	0.0395	0.0395	0.0401	0.0395	0.0395	0.0417
  T	0.0396	0.0397	0.04	0.0396	0.0394	0.0397	0.0394	0.0396	0.0395	0.0398	0.0396	0.0396	0.0396	0.0392	0.0395	0.0395	0.0399	0.0399	0.0414	0	0.0407	0.0407	0.0443	0.0395	0.0395	0.0418
  U	0.0393	0.0393	0.0394	0.0393	0.0391	0.0394	0.0391	0.0393	0.0392	0.0393	0.0393	0.0392	0.0392	0.0389	0.0392	0.0391	0.0391	0.0391	0.0394	0.0406	0	0.0518	0.0432	0.0391	0.0391	0.0396
  V	0.0393	0.0393	0.0394	0.0393	0.0391	0.0394	0.0391	0.0393	0.0392	0.0393	0.0393	0.0392	0.0392	0.0389	0.0392	0.0391	0.0391	0.0391	0.0394	0.0406	0.0518	0	0.0432	0.0391	0.0391	0.0396
  W	0.0394	0.0395	0.0396	0.0394	0.0393	0.0396	0.0393	0.0395	0.0394	0.0395	0.0394	0.0394	0.0394	0.0391	0.0394	0.0393	0.0394	0.0394	0.04	0.0443	0.0432	0.0432	0	0.0393	0.0393	0.0403
  X	0.0394	0.0396	0.0401	0.0394	0.0392	0.0395	0.0392	0.0394	0.0393	0.0411	0.0399	0.0395	0.0394	0.039	0.0393	0.0392	0.0392	0.0392	0.0395	0.0395	0.0391	0.0391	0.0393	0	0.0526	0.0402
  Y	0.0394	0.0396	0.0401	0.0394	0.0392	0.0395	0.0392	0.0394	0.0393	0.0411	0.0399	0.0395	0.0394	0.039	0.0393	0.0392	0.0392	0.0392	0.0395	0.0395	0.0391	0.0391	0.0393	0.0526	0	0.0402
  Z	0.0399	0.0405	0.042	0.04	0.0396	0.04	0.0396	0.0399	0.0398	0.0407	0.0401	0.0399	0.0398	0.0395	0.0398	0.0397	0.0401	0.0401	0.0418	0.0418	0.0397	0.0397	0.0404	0.0403	0.0403	0

