Character to attribute mapping:
  K: ?
  A: China
  B: Georgia
  C: India
  D: Kenya
  E: Kyrgyzstan
  F: Madagascar
  G: Mongolia
  H: Peru
  I: Russia
  J: United States of America


Substitution rate (mu): 365.557122

Equilibrium frequencies (pi_i):
  A: 0.1943
  B: 0.0883
  C: 0.0902
  D: 0.0903
  E: 0.0809
  F: 0.0963
  G: 0.072
  H: 0.1055
  I: 0.0767
  J: 0.1055

Symmetrized rates from j->i (W_ij):
	A	B	C	D	E	F	G	H	I	J
  A	0	1.4426	1.3908	1.3946	2.0609	1.2389	2.9937	1.0234	2.2768	1.0234
  B	1.4426	0	0.8463	0.8469	0.8838	0.8501	0.8887	0.8489	0.8495	0.8489
  C	1.3908	0.8463	0	0.8434	0.8453	0.8469	0.8515	0.8459	0.8478	0.8459
  D	1.3946	0.8469	0.8434	0	0.8461	0.8474	0.8731	0.8463	0.8456	0.8463
  E	2.0609	0.8838	0.8453	0.8461	0	0.8496	0.9023	0.8482	0.8486	0.8482
  F	1.2389	0.8501	0.8469	0.8474	0.8496	0	0.8525	1.0175	0.8489	1.0175
  G	2.9937	0.8887	0.8515	0.8731	0.9023	0.8525	0	0.8506	0.8884	0.8506
  H	1.0234	0.8489	0.8459	0.8463	0.8482	1.0175	0.8506	0	0.8476	1.2293
  I	2.2768	0.8495	0.8478	0.8456	0.8486	0.8489	0.8884	0.8476	0	0.8476
  J	1.0234	0.8489	0.8459	0.8463	0.8482	1.0175	0.8506	1.2293	0.8476	0

Actual rates from j->i (Q_ij):
	A	B	C	D	E	F	G	H	I	J
  A	0	0.2803	0.2702	0.271	0.4004	0.2407	0.5817	0.1989	0.4424	0.1989
  B	0.1274	0	0.0747	0.0748	0.0781	0.0751	0.0785	0.075	0.075	0.075
  C	0.1255	0.0764	0	0.0761	0.0763	0.0764	0.0768	0.0763	0.0765	0.0763
  D	0.1259	0.0765	0.0762	0	0.0764	0.0765	0.0789	0.0764	0.0764	0.0764
  E	0.1667	0.0715	0.0684	0.0685	0	0.0687	0.073	0.0686	0.0687	0.0686
  F	0.1193	0.0819	0.0816	0.0816	0.0818	0	0.0821	0.098	0.0818	0.098
  G	0.2156	0.064	0.0613	0.0629	0.065	0.0614	0	0.0613	0.064	0.0613
  H	0.1079	0.0895	0.0892	0.0892	0.0894	0.1073	0.0897	0	0.0894	0.1296
  I	0.1745	0.0651	0.065	0.0648	0.0651	0.0651	0.0681	0.065	0	0.065
  J	0.1079	0.0895	0.0892	0.0892	0.0894	0.1073	0.0897	0.1296	0.0894	0

