Character to attribute mapping:
  R: ?
  A: Bayan-Ölgii
  B: Colorado
  C: Gansu
  D: Govi-Altai
  E: Inner Mongolia
  F: Issyk-Kul Region
  G: Karachay-Cherkessia
  H: La Libertad
  I: Maharashtra
  J: Nairobi
  K: Qinghai
  L: Republic of Kalmykia
  M: Samtskhe-Javakheti
  N: Talas Region
  O: Tibet
  P: Xinjiang
  Q: Yunnan


Substitution rate (mu): 649.377703

Equilibrium frequencies (pi_i):
  A: 0.0571
  B: 0.0595
  C: 0.0572
  D: 0.0562
  E: 0.0595
  F: 0.0566
  G: 0.0582
  H: 0.0595
  I: 0.0593
  J: 0.0565
  K: 0.0686
  L: 0.057
  M: 0.0559
  N: 0.0563
  O: 0.0593
  P: 0.0631
  Q: 0.0601

Symmetrized rates from j->i (W_ij):
	A	B	C	D	E	F	G	H	I	J	K	L	M	N	O	P	Q
  A	0	0.9822	0.9868	1.0088	1.2563	1.0109	1.0653	0.9822	1.0052	1.0184	1.4104	0.9929	1.0581	1.0367	1.0052	1.7107	1.0065
  B	0.9822	0	0.9758	0.968	0.9826	0.9655	0.9705	1.4472	0.9681	0.9719	1.0055	0.9672	0.9722	0.9672	0.9681	0.9952	1.2293
  C	0.9868	0.9758	0	0.9759	0.9829	0.964	0.9689	0.9758	0.9663	1.0252	1.2992	0.9655	0.9731	0.9674	0.9663	1.008	1.383
  D	1.0088	0.968	0.9759	0	0.9921	0.9634	0.9696	0.968	0.9654	1.0324	1.562	0.9647	0.9725	0.9661	0.9654	1.0735	0.9931
  E	1.2563	0.9826	0.9829	0.9921	0	0.9805	1.4877	0.9826	1.2692	0.9982	1.0725	1.2556	0.9859	0.9799	1.2692	1.4416	1.0035
  F	1.0109	0.9655	0.964	0.9634	0.9805	0	0.9659	0.9655	0.9626	0.9667	1.0171	0.9632	0.9713	0.9649	0.9626	1.5837	0.9824
  G	1.0653	0.9705	0.9689	0.9696	1.4877	0.9659	0	0.9705	0.9914	0.9734	1.018	1.0116	0.9718	0.9667	0.9914	1.1051	0.9883
  H	0.9822	1.4472	0.9758	0.968	0.9826	0.9655	0.9705	0	0.9681	0.9719	1.0055	0.9672	0.9722	0.9672	0.9681	0.9952	1.2293
  I	1.0052	0.9681	0.9663	0.9654	1.2692	0.9626	0.9914	0.9681	0	0.9689	1.0022	0.9683	0.969	0.9641	1.3696	1.0141	0.9857
  J	1.0184	0.9719	1.0252	1.0324	0.9982	0.9667	0.9734	0.9719	0.9689	0	1.5163	0.968	0.9768	0.9703	0.9689	1.0942	1.035
  K	1.4104	1.0055	1.2992	1.562	1.0725	1.0171	1.018	1.0055	1.0022	1.5163	0	1.0016	1.5942	1.57	1.0022	1.4186	1.2812
  L	0.9929	0.9672	0.9655	0.9647	1.2556	0.9632	1.0116	0.9672	0.9683	0.968	1.0016	0	0.9688	0.9637	0.9683	1.4182	0.9841
  M	1.0581	0.9722	0.9731	0.9725	0.9859	0.9713	0.9718	0.9722	0.969	0.9768	1.5942	0.9688	0	1.0354	0.969	1.0557	0.9921
  N	1.0367	0.9672	0.9674	0.9661	0.9799	0.9649	0.9667	0.9672	0.9641	0.9703	1.57	0.9637	1.0354	0	0.9641	1.0419	0.9859
  O	1.0052	0.9681	0.9663	0.9654	1.2692	0.9626	0.9914	0.9681	1.3696	0.9689	1.0022	0.9683	0.969	0.9641	0	1.0141	0.9857
  P	1.7107	0.9952	1.008	1.0735	1.4416	1.5837	1.1051	0.9952	1.0141	1.0942	1.4186	1.4182	1.0557	1.0419	1.0141	0	1.029
  Q	1.0065	1.2293	1.383	0.9931	1.0035	0.9824	0.9883	1.2293	0.9857	1.035	1.2812	0.9841	0.9921	0.9859	0.9857	1.029	0

Actual rates from j->i (Q_ij):
	A	B	C	D	E	F	G	H	I	J	K	L	M	N	O	P	Q
  A	0	0.0561	0.0563	0.0576	0.0717	0.0577	0.0608	0.0561	0.0574	0.0581	0.0805	0.0567	0.0604	0.0592	0.0574	0.0977	0.0575
  B	0.0585	0	0.0581	0.0576	0.0585	0.0575	0.0578	0.0862	0.0576	0.0579	0.0599	0.0576	0.0579	0.0576	0.0576	0.0592	0.0732
  C	0.0565	0.0559	0	0.0559	0.0563	0.0552	0.0555	0.0559	0.0553	0.0587	0.0744	0.0553	0.0557	0.0554	0.0553	0.0577	0.0792
  D	0.0567	0.0544	0.0549	0	0.0558	0.0542	0.0545	0.0544	0.0543	0.0581	0.0878	0.0542	0.0547	0.0543	0.0543	0.0604	0.0558
  E	0.0748	0.0585	0.0585	0.0591	0	0.0584	0.0886	0.0585	0.0756	0.0594	0.0638	0.0747	0.0587	0.0583	0.0756	0.0858	0.0597
  F	0.0572	0.0546	0.0546	0.0545	0.0555	0	0.0547	0.0546	0.0545	0.0547	0.0576	0.0545	0.055	0.0546	0.0545	0.0896	0.0556
  G	0.062	0.0565	0.0564	0.0565	0.0866	0.0563	0	0.0565	0.0577	0.0567	0.0593	0.0589	0.0566	0.0563	0.0577	0.0644	0.0576
  H	0.0585	0.0862	0.0581	0.0576	0.0585	0.0575	0.0578	0	0.0576	0.0579	0.0599	0.0576	0.0579	0.0576	0.0576	0.0592	0.0732
  I	0.0596	0.0574	0.0573	0.0572	0.0752	0.0571	0.0588	0.0574	0	0.0574	0.0594	0.0574	0.0574	0.0571	0.0812	0.0601	0.0584
  J	0.0575	0.0549	0.0579	0.0583	0.0564	0.0546	0.055	0.0549	0.0547	0	0.0856	0.0547	0.0551	0.0548	0.0547	0.0618	0.0584
  K	0.0968	0.069	0.0892	0.1072	0.0736	0.0698	0.0699	0.069	0.0688	0.1041	0	0.0687	0.1094	0.1078	0.0688	0.0974	0.0879
  L	0.0566	0.0551	0.055	0.055	0.0716	0.0549	0.0577	0.0551	0.0552	0.0552	0.0571	0	0.0552	0.0549	0.0552	0.0808	0.0561
  M	0.0592	0.0544	0.0544	0.0544	0.0551	0.0543	0.0543	0.0544	0.0542	0.0546	0.0891	0.0542	0	0.0579	0.0542	0.059	0.0555
  N	0.0584	0.0544	0.0545	0.0544	0.0552	0.0543	0.0544	0.0544	0.0543	0.0546	0.0884	0.0543	0.0583	0	0.0543	0.0587	0.0555
  O	0.0596	0.0574	0.0573	0.0572	0.0752	0.0571	0.0588	0.0574	0.0812	0.0574	0.0594	0.0574	0.0574	0.0571	0	0.0601	0.0584
  P	0.1079	0.0628	0.0636	0.0677	0.0909	0.0999	0.0697	0.0628	0.064	0.069	0.0895	0.0895	0.0666	0.0657	0.064	0	0.0649
  Q	0.0605	0.0739	0.0831	0.0597	0.0603	0.059	0.0594	0.0739	0.0592	0.0622	0.077	0.0591	0.0596	0.0592	0.0592	0.0618	0

