name,Bayan-Ölgii,Colorado,Gansu,Govi-Altai,Inner Mongolia,Issyk-Kul Region,Karachay-Cherkessia,La Libertad,Maharashtra,Nairobi,Qinghai,Republic of Kalmykia,Samtskhe-Javakheti,Talas Region,Tibet,Xinjiang,Yunnan
NODE0,0.03629854912105457,0.01816623997728839,0.021389053557117788,0.024706853473007395,0.020034486195483227,0.018496813594164982,0.018192238032536324,0.01816623997728853,0.018066142480580978,0.0242488279249534,0.4808098817680471,0.017762356867840383,0.17160514077216404,0.03803740955700651,0.018066142480580825,0.033558108330125326,0.022395515890760283
NODE1,0.005294979314300194,0.0027095800495290944,0.0037685386366435153,0.0049141065192988215,0.0030516984423731076,0.002704208153481635,0.002719382127050334,0.0027095800495291235,0.0026853532577584913,0.004718809026615619,0.9265904690450596,0.0026196668039304774,0.01749723946742045,0.006102765745924094,0.0026853532577584566,0.005340605490460687,0.0038876646128661943
GCA_000323485.1_ASM32348v1_genomic,0.0,0.0,0.0,0.0,0.0,0.0,0.0,0.0,0.0,0.0,1.0,0.0,0.0,0.0,0.0,0.0,0.0
GCA_000323845.1_ASM32384v1_genomic,0.0,0.0,0.0,0.0,0.0,0.0,0.0,0.0,0.0,0.0,1.0,0.0,0.0,0.0,0.0,0.0,0.0
NODE2,0.05234575625786034,0.014350606465701458,0.016347223635676433,0.01859946233300477,0.01678074736397917,0.01621391964018599,0.014632955787939996,0.014350606465701594,0.014329895954242012,0.01839542807980986,0.27409647780610896,0.01452315983917868,0.3914116896466913,0.05131835397456996,0.014329895954241884,0.040644611797223694,0.01732920899788377
GCA_001188795.1_ASM118879v1_genomic,0.0,0.0,0.0,0.0,0.0,0.0,0.0,0.0,0.0,0.0,0.0,0.0,1.0,0.0,0.0,0.0,0.0
NODE3,0.13410434917249855,0.015947399392212312,0.01787698574346077,0.02032056154983497,0.020518184899396934,0.02254107297417057,0.016768313554608276,0.015947399392212475,0.01605941901578181,0.020228003588142543,0.2846269804503172,0.017103283680512227,0.14868618483125923,0.12230746741630538,0.016059419015781676,0.09183297141386376,0.019072003909641456
NODE4,0.04113007425779013,0.01043693396578631,0.012392337344395866,0.014468303178587046,0.012381082579764452,0.011881371817278321,0.0106760810383384,0.010436933965786412,0.010421109163885073,0.0142632213174092,0.43450552205680176,0.010569270959606516,0.047709160416545965,0.3032215307194762,0.010421109163884997,0.03195132255307268,0.013134635501590617
GCA_000323625.1_ASM32362v1_genomic,0.0,0.0,0.0,0.0,0.0,0.0,0.0,0.0,0.0,0.0,1.0,0.0,0.0,0.0,0.0,0.0,0.0
GCA_001294975.1_ASM129497v1_genomic,0.0,0.0,0.0,0.0,0.0,0.0,0.0,0.0,0.0,0.0,0.0,0.0,0.0,1.0,0.0,0.0,0.0
NODE5,0.3840302099044152,0.012801553454921398,0.013559018432069098,0.015073592782412574,0.019605592773772315,0.032775889979745294,0.014242677155283509,0.012801553454921517,0.013100248997186642,0.015245019785917548,0.09172987326592406,0.015443015417359866,0.04587222073923727,0.03922247109798942,0.013100248997186554,0.24677652445667242,0.014620289304985396
GCA_002981895.1_ASM298189v1_genomic,0.9999999999999999,0.0,0.0,0.0,0.0,0.0,0.0,0.0,0.0,0.0,0.0,0.0,0.0,0.0,0.0,0.0,0.0
NODE6,0.07910423664212037,0.006807207418488402,0.006930244225026106,0.00761010067479151,0.01128512135840924,0.06775025918452905,0.007740859685157918,0.006807207418488491,0.0069908849241797555,0.007789643508942401,0.0240155274047732,0.009520528008576844,0.012174764980594874,0.01106727665412944,0.006990884924179704,0.7198902749638274,0.007524978023785089
GCA_009670865.1_ASM967086v1_genomic,0.0,0.0,0.0,0.0,0.0,0.0,0.0,0.0,0.0,0.0,0.0,0.0,0.0,0.0,0.0,1.0,0.0
NODE7,0.03117514388085685,0.006039365429460165,0.006029022467618527,0.006595953741570298,0.00982330581220893,0.20184322986093692,0.006833798554317949,0.006039365429460246,0.006193057723629463,0.006787117403216555,0.014225238390016768,0.008606462940856995,0.007482949142867845,0.007147768293972159,0.00619305772362941,0.6624219125503438,0.006563250655037063
GCA_003074535.1_ASM307453v1_genomic,0.0,0.0,0.0,0.0,0.0,1.0,0.0,0.0,0.0,0.0,0.0,0.0,0.0,0.0,0.0,0.0,0.0
NODE8,0.014148296660792464,0.002895743913032444,0.002957890106013114,0.0037190284493268866,0.005679535257861078,0.035578143378340615,0.0035514093814837905,0.00289574391303249,0.0030380644880473114,0.003906118734558301,0.007691128036981052,0.004563511610038161,0.0032816955520818675,0.003192022487968837,0.0030380644880472854,0.8966606636551032,0.003202939887291025
GCA_000320465.1_ASM32046v1_genomic,0.0,0.0,0.0,0.0,0.0,0.0,0.0,0.0,0.0,0.0,0.0,0.0,0.0,0.0,0.0,1.0,0.0
NODE9,0.027803401394421296,0.00426146119648668,0.004620900923459315,0.007633820376422306,0.010551900382354666,0.017024743535469084,0.0059961121094753555,0.004261461196486751,0.004677470633859831,0.008241621330279352,0.016377856345553003,0.0066602904376897535,0.004853630653409735,0.004746257221273338,0.004677470633859793,0.8626870597344486,0.004924541895051271
GCA_000324065.1_ASM32406v1_genomic,0.0,0.0,0.0,0.0,0.0,0.0,0.0,0.0,0.0,0.0,0.0,0.0,0.0,0.0,0.0,0.9999999999999999,0.0
NODE10,0.16396477989874159,0.015821298727375876,0.019321045763875947,0.04755441505199857,0.05322285050437246,0.024663519895466078,0.02834826900034304,0.015821298727376084,0.019057914180578495,0.05267665553685918,0.10437662285581271,0.02116554327954872,0.018710779408105862,0.01832468649739218,0.01905791418057832,0.35800210009174627,0.019910306399828725
NODE11,0.4100096667167728,0.0147709462274027,0.015669206030087555,0.023930005660542437,0.11530593235016094,0.018618517233027192,0.05099707569130463,0.014770946227402814,0.024260959247409487,0.025552078926586844,0.04825882629718257,0.02063536394403904,0.016247878343743825,0.015912012937451016,0.024260959247409328,0.1440489490746822,0.016750675844794522
GCA_003074235.1_ASM307423v1_genomic,1.0,0.0,0.0,0.0,0.0,0.0,0.0,0.0,0.0,0.0,0.0,0.0,0.0,0.0,0.0,0.0,0.0
NODE12,0.13592660426660585,0.015710487461278042,0.01566495182679781,0.018117884816185485,0.3455786729960019,0.017376280981148195,0.1394250333225897,0.01571048746127817,0.047296658966323096,0.018754217208543603,0.03041772618523677,0.027598702450548927,0.01605514780490528,0.015827380070543774,0.0472966589663228,0.07623710567060062,0.017005999545090016
NODE13,0.04726558661608661,0.012484041859104978,0.012189233412624394,0.012823022377797776,0.5167422128662407,0.012767678096475702,0.052791264398227754,0.01248404185910504,0.09900874875053592,0.013107773790688882,0.01930908279694153,0.01771775689942661,0.012273588146063993,0.012152161543485059,0.09900874875053532,0.03457745810002521,0.013297599736634455
GCA_000324565.1_ASM32456v1_genomic,0.0,0.0,0.0,0.0,1.0,0.0,0.0,0.0,0.0,0.0,0.0,0.0,0.0,0.0,0.0,0.0,0.0
NODE14,0.020226219702659736,0.011523410042094248,0.011116308579326299,0.011152811740363115,0.14146132684460566,0.011189492788068479,0.022392899788316347,0.01152341004209429,0.33293602291550806,0.011322088754428528,0.015460252572038619,0.01329590761201621,0.011029326933930259,0.010958620649174928,0.3329360229155066,0.019324316043474732,0.012151562076393837
GCA_002005285.1_ASM200528v1_genomic,0.0,0.0,0.0,0.0,0.0,0.0,0.0,0.0,1.0,0.0,0.0,0.0,0.0,0.0,0.0,0.0,0.0
GCA_015158755.1_ASM1515875v1_genomic,0.0,0.0,0.0,0.0,0.0,0.0,0.0,0.0,0.0,0.0,0.0,0.0,0.0,0.0,1.0,0.0,0.0
NODE15,0.05046864657702837,0.01260780657411222,0.012339811680019065,0.013074990481403074,0.3236876647027794,0.013759323390054156,0.3423352414363499,0.012607806574112354,0.02330047414072352,0.013384372467830115,0.02018757624071984,0.03869420216422871,0.01250230692276057,0.012366410467863024,0.023300474140723393,0.0619269918207704,0.013455900218521851
GCA_008630435.1_ASM863043v1_genomic,0.0,0.0,0.0,0.0,0.0,0.0,1.0,0.0,0.0,0.0,0.0,0.0,0.0,0.0,0.0,0.0,0.0
NODE16,0.027257544825095303,0.011378488633581435,0.011066741524643655,0.01142681042114933,0.5080140132953531,0.013216026400208653,0.11309197942670107,0.011378488633581554,0.01653651789997732,0.011671490912102523,0.017459401767440638,0.09093755877436806,0.01117362843943982,0.01106351169941914,0.016536517899977246,0.10569823277071254,0.012093046676248935
GCA_000323945.1_ASM32394v1_genomic,0.0,0.0,0.0,0.0,1.0,0.0,0.0,0.0,0.0,0.0,0.0,0.0,0.0,0.0,0.0,0.0,0.0
NODE17,0.02103307273990214,0.011112065749951704,0.01081106254654065,0.011212985955098446,0.1448323909875359,0.014903344564042041,0.03727705319727033,0.011112065749951867,0.013364786266296556,0.011482362492858174,0.017899127709788284,0.31951471693980255,0.011014744929328385,0.010893395065832737,0.01336478626629651,0.32835208363927715,0.011819955200226474
GCA_000323565.1_ASM32356v1_genomic,0.0,0.0,0.0,0.0,0.0,0.0,0.0,0.0,0.0,0.0,0.0,0.0,0.0,0.0,0.0,0.9999999999999999,0.0
GCA_016102905.1_ASM1610290v1_genomic,0.0,0.0,0.0,0.0,0.0,0.0,0.0,0.0,0.0,0.0,0.0,1.0,0.0,0.0,0.0,0.0,0.0
NODE18,0.06680793392882323,0.01691654697881653,0.02818879375480069,0.12582127297615928,0.02982461819404997,0.02052400468786083,0.020803217361665155,0.016916546978816758,0.017723467362658646,0.14298150948931646,0.2836403370256894,0.019072114077787004,0.021427722072830866,0.02104139229328031,0.017723467362658445,0.12373531684788218,0.02685173860690432
NODE19,0.025423826651678902,0.010726209302830265,0.014998342324519746,0.306496410595856,0.014462262091351166,0.011598916663106138,0.011637523320282738,0.010726209302830443,0.010862068178883607,0.04541892079280372,0.4314101087678759,0.011149188382734983,0.015030158090893817,0.014769641565874084,0.010862068178883475,0.039319185397288396,0.015108960392306603
GCA_000323505.1_ASM32350v1_genomic,0.0,0.0,0.0,0.0,0.0,0.0,0.0,0.0,0.0,0.0,1.0,0.0,0.0,0.0,0.0,0.0,0.0
GCA_000325305.1_ASM32530v1_genomic,0.0,0.0,0.0,1.0,0.0,0.0,0.0,0.0,0.0,0.0,0.0,0.0,0.0,0.0,0.0,0.0,0.0
NODE20,0.030919727026203842,0.014535751119328462,0.04360420056728264,0.04955889695162814,0.01861309078611561,0.01507925049337766,0.015141838048762964,0.014535751119328625,0.014202344258276798,0.36552894166747607,0.26887691731599533,0.014559098400759123,0.018034966488819724,0.017750531006689857,0.014202344258276657,0.0477521938549299,0.03710415663674876
GCA_000835005.1_ASM83500v1_genomic,0.0,0.0,0.0,0.0,0.0,0.0,0.0,0.0,0.0,1.0,0.0,0.0,0.0,0.0,0.0,0.0,0.0
NODE21,0.021043531063760064,0.0144237765629084,0.10725042605638181,0.027659664370349286,0.015151532962961765,0.0130815599708215,0.013314079840213232,0.01442377656290859,0.013017646330017538,0.12325098805703619,0.4646541913340885,0.012864657645323865,0.018107782560319353,0.017830602060623417,0.01301764633001741,0.027145323291512726,0.08376281500075654
GCA_000323965.1_ASM32396v1_genomic,0.0,0.0,0.0,0.0,0.0,0.0,0.0,0.0,0.0,0.0,1.0,0.0,0.0,0.0,0.0,0.0,0.0
NODE22,0.015958118802220783,0.01634744717010872,0.35952429292514676,0.017625125571158477,0.013867123989310712,0.012381522057050679,0.012749665028067242,0.016347447170108956,0.012725116134276605,0.04144977492255963,0.13355276864378451,0.012354423473660024,0.015329064210902257,0.01515289657798028,0.012725116134276482,0.01885751855883906,0.273052578630549
GCA_000324725.1_ASM32472v1_genomic,0.0,0.0,1.0,0.0,0.0,0.0,0.0,0.0,0.0,0.0,0.0,0.0,0.0,0.0,0.0,0.0,0.0
NODE23,0.005848214850301765,0.011845122054398603,0.05314791474018292,0.005943275629733607,0.005614025334712601,0.005084703292730333,0.0052655658660248055,0.011845122054398803,0.005297996902437363,0.008927965616971281,0.02191284598408161,0.005109571435494471,0.005667148965497854,0.005619775928064976,0.0052979969024372995,0.00673727704964103,0.8308354773928905
GCA_000325365.1_ASM32536v1_genomic,0.0,0.0,0.0,0.0,0.0,0.0,0.0,0.0,0.0,0.0,0.0,0.0,0.0,0.0,0.0,0.0,1.0
NODE24,0.006190852374451299,0.02481401414892962,0.023414108617488594,0.006075706263712631,0.006233541150847141,0.005699575417538798,0.005912892378753957,0.02481401414892998,0.005972943948999685,0.007210467789460212,0.013455269058254903,0.0057447762226137435,0.0059761789766015145,0.005943645605424675,0.0059729439489996225,0.00706195695232253,0.8395071129966711
GCA_000170275.1_ASM17027v1_genomic,0.0,0.0,0.0,0.0,0.0,0.0,0.0,0.0,0.0,0.0,0.0,0.0,0.0,0.0,0.0,0.0,1.0
NODE25,0.02101400378782862,0.1600610118981943,0.03181614509515346,0.020370595388261043,0.0217267980651205,0.0201053754304649,0.02083799713458046,0.1600610118981958,0.02111601887086844,0.021396396243272008,0.031193049366372152,0.020286347401525396,0.020279181187848664,0.020248035245222576,0.021116018870868287,0.023728503881374086,0.3646435102348495
GCA_000169635.1_ASM16963v1_genomic,0.038251690639322614,0.11387116415732977,0.046263585762495146,0.03737004769205928,0.039706815267681175,0.037246877000656986,0.03846325905782832,0.1138711641573306,0.039058617315416155,0.03829622194458339,0.05083259657894456,0.0375445350589074,0.03718854028760288,0.037284087362969384,0.03905861731541599,0.04271083364764299,0.2129813467538133
NODE26,0.012286036486334242,0.3601758550109873,0.015374845919946386,0.011809939682880785,0.012742696598307462,0.011711707334579064,0.012166462906674202,0.36017585501098964,0.012317330522788017,0.012208863859092752,0.01704535396830041,0.011828536067012863,0.01180544500968297,0.011764175975426153,0.012317330522787924,0.01392345932782727,0.10034610579638265
GCA_000269145.1_ASM26914v1_genomic,0.0,0.0,0.0,0.0,0.0,0.0,0.0,1.0,0.0,0.0,0.0,0.0,0.0,0.0,0.0,0.0,0.0
Reference,0.0,1.0,0.0,0.0,0.0,0.0,0.0,0.0,0.0,0.0,0.0,0.0,0.0,0.0,0.0,0.0,0.0
