28
GCA_000170275.1_ASM17027v1_genomic      0.000000000 0.000344382 0.000784240 0.003517147 0.000769580 0.001070314 0.001973178 0.001136397 0.000454335 0.000806254 0.001033615 0.000476323 0.000908955 0.000425006 0.000373728 0.000256441 0.001275711 0.003745779 0.002428787 0.001180439 0.002319696 0.002274524 0.001040992 0.001672078 0.001283004 0.001004285 0.001253722 0.000381036 
GCA_000269145.1_ASM26914v1_genomic      0.000344382 0.000000000 0.000791547 0.003509747 0.000769556 0.001077614 0.001943724 0.001121689 0.000461650 0.000820895 0.001033582 0.000483637 0.000908926 0.000417663 0.000381045 0.000263761 0.001268334 0.003708897 0.002414014 0.001187738 0.002304924 0.002252410 0.001040959 0.001672025 0.001260955 0.001011587 0.001253682 0.000388353 
GCA_000320465.1_ASM32046v1_genomic      0.000784240 0.000791547 0.000000000 0.002958001 0.000337043 0.000630257 0.001400470 0.000769601 0.000446975 0.000322390 0.000600919 0.000527621 0.000483647 0.000505628 0.000820945 0.000703561 0.001055577 0.003179011 0.001855702 0.000776951 0.001753778 0.001694203 0.000608274 0.001246334 0.000703536 0.000571601 0.000820891 0.000813565 
GCA_000323485.1_ASM32348v1_genomic      0.003517147 0.003509747 0.002958001 0.000000000 0.003083033 0.003384695 0.002803662 0.003259722 0.003156533 0.003009513 0.003355224 0.003274352 0.003230269 0.003252245 0.003561538 0.003443523 0.003782049 0.003834350 0.003318651 0.003532127 0.004506507 0.003318794 0.003362717 0.003988277 0.002950684 0.003325831 0.003561308 0.003553978 
GCA_000323505.1_ASM32350v1_genomic      0.000769580 0.000769556 0.000337043 0.003083033 0.000000000 0.000630261 0.001510566 0.000747609 0.000432319 0.000381022 0.000586262 0.000512964 0.000322397 0.000490972 0.000806284 0.000688903 0.001040913 0.003296738 0.001980555 0.000762291 0.001886023 0.001819034 0.000578953 0.001231670 0.000835520 0.000556944 0.000806231 0.000798905 
GCA_000323565.1_ASM32356v1_genomic      0.001070314 0.001077614 0.000630257 0.003384695 0.000630261 0.000000000 0.001811587 0.000359059 0.000732903 0.000666928 0.000578959 0.000813589 0.000769605 0.000798921 0.001107047 0.000989595 0.001327079 0.003576403 0.002259736 0.000747663 0.002172636 0.002120196 0.000901616 0.000916229 0.001143595 0.000549641 0.000344379 0.001099647 
GCA_000323625.1_ASM32362v1_genomic      0.001973178 0.001943724 0.001400470 0.002803662 0.001510566 0.001811587 0.000000000 0.001796986 0.001635335 0.001488550 0.001789536 0.001716145 0.001657427 0.001694115 0.001987944 0.001884995 0.002215502 0.003046614 0.001730890 0.001965945 0.002922741 0.001753029 0.001782266 0.002421281 0.001400486 0.001760186 0.002002522 0.002002537 
GCA_000323945.1_ASM32394v1_genomic      0.001136397 0.001121689 0.000769601 0.003259722 0.000747609 0.000359059 0.001796986 0.000000000 0.000798936 0.000798949 0.000688968 0.000872296 0.000886984 0.000872301 0.001187811 0.001070335 0.001385856 0.003377839 0.002223085 0.000843043 0.002224174 0.002098202 0.000945642 0.000989621 0.001224351 0.000659645 0.000512987 0.001143713 
GCA_000323965.1_ASM32396v1_genomic      0.000454335 0.000461650 0.000446975 0.003156533 0.000432319 0.000732903 0.001635335 0.000798936 0.000000000 0.000476303 0.000688896 0.000197821 0.000578945 0.000175838 0.000491009 0.000373697 0.000945555 0.003399723 0.002098055 0.000857620 0.001988873 0.001936514 0.000703588 0.001341721 0.000945514 0.000666907 0.000916227 0.000483651 
GCA_000324065.1_ASM32406v1_genomic      0.000806254 0.000820895 0.000322390 0.003009513 0.000381022 0.000666928 0.001488550 0.000798949 0.000476303 0.000000000 0.000630255 0.000564284 0.000520309 0.000542290 0.000835628 0.000732904 0.001070270 0.003208445 0.001914431 0.000813633 0.001841967 0.001797030 0.000644944 0.001253682 0.000813534 0.000608268 0.000842898 0.000842914 
GCA_000324565.1_ASM32456v1_genomic      0.001033615 0.001033582 0.000600919 0.003355224 0.000586262 0.000578959 0.001789536 0.000688968 0.000688896 0.000630255 0.000000000 0.000776908 0.000725592 0.000754908 0.001070344 0.000952902 0.001305033 0.003576393 0.002252361 0.000513020 0.002150584 0.002090790 0.000850260 0.001180349 0.001099558 0.000307749 0.000762257 0.001062947 
GCA_000324725.1_ASM32472v1_genomic      0.000476323 0.000483637 0.000527621 0.003274352 0.000512964 0.000813589 0.001716145 0.000872296 0.000197821 0.000564284 0.000776908 0.000000000 0.000659613 0.000212475 0.000513000 0.000395683 0.001026269 0.003488140 0.002171584 0.000923661 0.002047707 0.002010027 0.000784272 0.001415150 0.001026224 0.000747585 0.000996938 0.000505640 
GCA_000325305.1_ASM32530v1_genomic      0.000908955 0.000908926 0.000483647 0.003230269 0.000322397 0.000769605 0.001657427 0.000886984 0.000578945 0.000520309 0.000725592 0.000659613 0.000000000 0.000630283 0.000945674 0.000828256 0.001180344 0.003458756 0.002120158 0.000901672 0.002018369 0.001965991 0.000725620 0.001363804 0.000982233 0.000696270 0.000945612 0.000938285 
GCA_000325365.1_ASM32536v1_genomic      0.000425006 0.000417663 0.000505628 0.003252245 0.000490972 0.000798921 0.001694115 0.000872301 0.000175838 0.000542290 0.000754908 0.000212475 0.000630283 0.000000000 0.000461677 0.000344374 0.000989593 0.003451337 0.002149542 0.000901654 0.002010962 0.001980644 0.000762271 0.001393132 0.001004217 0.000725585 0.000974931 0.000454321 
GCA_000590535.1_EV_NIIEG_genomic        0.000373728 0.000381045 0.000820945 0.003561538 0.000806284 0.001107047 0.001987944 0.001187811 0.000491009 0.000835628 0.001070344 0.000513000 0.000945674 0.000461677 0.000000000 0.000117226 0.001305111 0.003790164 0.002472998 0.001217185 0.002327156 0.002311374 0.001077723 0.001708868 0.001319756 0.001041011 0.001290472 0.000417704 
GCA_000590535.2_ASM59053v2_genomic      0.000256441 0.000263761 0.000703561 0.003443523 0.000688903 0.000989595 0.001884995 0.001070335 0.000373697 0.000732904 0.000952902 0.000395683 0.000828256 0.000344374 0.000117226 0.000000000 0.001202302 0.003679447 0.002355230 0.001099700 0.002238768 0.002193640 0.000960275 0.001591280 0.001202262 0.000923575 0.001172980 0.000300408 
GCA_000835005.1_ASM83500v1_genomic      0.001275711 0.001268334 0.001055577 0.003782049 0.001040913 0.001327079 0.002215502 0.001385856 0.000945555 0.001070270 0.001305033 0.001026269 0.001180344 0.000989593 0.001305111 0.001202302 0.000000000 0.003907632 0.002671237 0.001481285 0.002569636 0.002502247 0.001283048 0.001936360 0.001539810 0.001268359 0.001495862 0.001312386 
GCA_001188795.1_ASM118879v1_genomic     0.003745779 0.003708897 0.003179011 0.003834350 0.003296738 0.003576403 0.003046614 0.003377839 0.003399723 0.003208445 0.003576393 0.003488140 0.003458756 0.003451337 0.003790164 0.003679447 0.003907632 0.000000000 0.003539823 0.003753384 0.004661683 0.003517887 0.003569182 0.004202342 0.003171694 0.003546991 0.003789920 0.003789947 
GCA_001294975.1_ASM129497v1_genomic     0.002428787 0.002414014 0.001855702 0.003318651 0.001980555 0.002259736 0.001730890 0.002223085 0.002098055 0.001914431 0.002252361 0.002171584 0.002120158 0.002149542 0.002472998 0.002355230 0.002671237 0.003539823 0.000000000 0.002428922 0.003386658 0.002193828 0.002252451 0.002891866 0.001855723 0.002222998 0.002472835 0.002465507 
GCA_002005285.1_ASM200528v1_genomic     0.001180439 0.001187738 0.000776951 0.003532127 0.000762291 0.000747663 0.001965945 0.000843043 0.000857620 0.000813633 0.000513020 0.000923661 0.000901672 0.000901654 0.001217185 0.001099700 0.001481285 0.003753384 0.002428922 0.000000000 0.002312496 0.002267304 0.001026378 0.001349228 0.001275739 0.000366401 0.000938347 0.001209778 
GCA_002412255.1_Y.pestis_A-1836_genomic 0.002319696 0.002304924 0.001753778 0.004506507 0.001886023 0.002172636 0.002922741 0.002224174 0.001988873 0.001841967 0.002150584 0.002047707 0.002018369 0.002010962 0.002327156 0.002238768 0.002569636 0.004661683 0.003386658 0.002312496 0.000000000 0.003239500 0.002158020 0.002782939 0.002253410 0.002121208 0.002371139 0.002341728 
GCA_002981895.1_ASM298189v1_genomic     0.002274524 0.002252410 0.001694203 0.003318794 0.001819034 0.002120196 0.001753029 0.002098202 0.001936514 0.001797030 0.002090790 0.002010027 0.001965991 0.001980644 0.002311374 0.002193640 0.002502247 0.003517887 0.002193828 0.002267304 0.003239500 0.000000000 0.002098220 0.002722824 0.001694223 0.002061430 0.002311222 0.002303893 
GCA_003074235.1_ASM307423v1_genomic     0.001040992 0.001040959 0.000608274 0.003362717 0.000578953 0.000901616 0.001782266 0.000945642 0.000703588 0.000644944 0.000850260 0.000784272 0.000725620 0.000762271 0.001077723 0.000960275 0.001283048 0.003569182 0.002252451 0.001026378 0.002158020 0.002098220 0.000000000 0.001495919 0.001099603 0.000820934 0.001077652 0.001070325 
GCA_008630435.1_ASM863043v1_genomic     0.001672078 0.001672025 0.001246334 0.003988277 0.001231670 0.000916229 0.002421281 0.000989621 0.001341721 0.001253682 0.001180349 0.001415150 0.001363804 0.001393132 0.001708868 0.001591280 0.001936360 0.004202342 0.002891866 0.001349228 0.002782939 0.002722824 0.001495919 0.000000000 0.001745370 0.001158350 0.001092258 0.001701428 
GCA_009670865.1_ASM967086v1_genomic     0.001283004 0.001260955 0.000703536 0.002950684 0.000835520 0.001143595 0.001400486 0.001224351 0.000945514 0.000813534 0.001099558 0.001026224 0.000982233 0.001004217 0.001319756 0.001202262 0.001539810 0.003171694 0.001855723 0.001275739 0.002253410 0.001694223 0.001099603 0.001745370 0.000000000 0.001070228 0.001319669 0.001312342 
GCA_015158755.1_ASM1515875v1_genomic    0.001004285 0.001011587 0.000571601 0.003325831 0.000556944 0.000549641 0.001760186 0.000659645 0.000666907 0.000608268 0.000307749 0.000747585 0.000696270 0.000725585 0.001041011 0.000923575 0.001268359 0.003546991 0.002222998 0.000366401 0.002121208 0.002061430 0.000820934 0.001158350 0.001070228 0.000000000 0.000732933 0.001033616 
GCA_016102905.1_ASM1610290v1_genomic    0.001253722 0.001253682 0.000820891 0.003561308 0.000806231 0.000344379 0.002002522 0.000512987 0.000916227 0.000842898 0.000762257 0.000996938 0.000945612 0.000974931 0.001290472 0.001172980 0.001495862 0.003789920 0.002472835 0.000938347 0.002371139 0.002311222 0.001077652 0.001092258 0.001319669 0.000732933 0.000000000 0.001283060 
Reference                               0.000381036 0.000388353 0.000813565 0.003553978 0.000798905 0.001099647 0.002002537 0.001143713 0.000483651 0.000842914 0.001062947 0.000505640 0.000938285 0.000454321 0.000417704 0.000300408 0.001312386 0.003789947 0.002465507 0.001209778 0.002341728 0.002303893 0.001070325 0.001701428 0.001312342 0.001033616 0.001283060 0.000000000 
