29
GCA_000170275.1_ASM17027v1_genomic   0.000000000 0.000000023 2.433344294 2.774257216 2.455002972 2.594848847 2.648487637 2.779570760 2.468579946 2.680556164 2.335936119 2.402374970 2.206717354 2.474702407 2.275004948 4.977807118 4.977807118 2.257586898 2.529449139 2.658673128 2.566666075 2.534177373 2.352770672 2.414999615 2.597182437 2.386202754 2.550325817 2.609712250 8.999999971
GCA_000269145.1_ASM26914v1_genomic   0.000000023 0.000000000 2.433479291 2.804360309 2.474748198 2.594942772 2.674039222 2.809932572 2.468677840 2.680898438 2.336076318 2.402474409 2.207029454 2.495503020 2.275351908 4.984518199 4.984518199 2.257773754 2.570516594 2.683980851 2.566768184 2.556385047 2.352914818 2.415131067 2.597283860 2.386293829 2.550425814 2.609805702 8.999999972
GCA_000320465.1_ASM32046v1_genomic   2.433344294 2.433479291 0.000000000 2.859187920 5.731054497 3.365325084 2.816642461 2.866311892 2.861536891 2.224198722 8.999999963 2.800215173 2.411630706 5.735056873 2.430114240 2.566065013 2.566065013 2.354499059 2.608589394 2.859724537 3.429409400 2.610944592 8.999999977 0.767187717 3.325273470 2.234474164 3.252987339 3.282268679 2.391724674
GCA_000323485.1_ASM32348v1_genomic   2.774257216 2.804360309 2.859187920 0.000000000 2.916116630 2.910650791 2.941932934 0.000000023 2.803581281 2.783992732 2.870785284 2.859374910 2.798664796 2.897171269 2.791250290 2.801704035 2.801704035 2.837445108 2.937530110 2.877892805 2.917130847 2.896636784 2.893758646 2.852106343 2.899422745 2.932585182 2.902228438 2.926232672 2.778777782
GCA_000323505.1_ASM32350v1_genomic   2.455002972 2.474748198 5.731054497 2.916116630 0.000000000 3.397278245 3.089983893 2.923504931 2.950459722 2.262245129 3.290577955 2.843346376 2.447583576 0.000000023 2.462455779 2.585786806 2.585786806 2.419255943 2.752379122 3.092675857 3.467131824 2.861378133 3.424176916 4.308072986 3.361745163 2.708360677 3.291461164 3.313315279 2.413299928
GCA_000323565.1_ASM32356v1_genomic   2.594848847 2.594942772 3.365325084 2.910650791 3.397278245 0.000000000 3.019109893 2.906607224 1.222699284 2.579877628 3.156455351 4.326138325 2.686660341 3.492682866 2.681684404 2.681466396 2.681466396 2.947844888 2.760911420 3.000214695 8.999999963 2.840431676 3.325451916 3.281931062 4.741965712 2.843934538 7.251035377 0.772346344 2.564444910
GCA_000323625.1_ASM32362v1_genomic   2.648487637 2.674039222 2.816642461 2.941932934 3.089983893 3.019109893 0.000000000 2.941952467 2.710906210 2.623426582 2.837752960 2.851608733 2.694902899 3.054675574 2.691170473 2.689110984 2.689110984 2.703789685 2.443473080 0.782096687 3.046894737 6.229530901 2.998701255 2.787808868 3.046277266 3.339668881 2.995612867 3.047176275 2.625307678
GCA_000323845.1_ASM32384v1_genomic   2.779570760 2.809932572 2.866311892 0.000000023 2.923504931 2.906607224 2.941952467 0.000000000 2.799167965 2.789881991 2.878149928 2.855190943 2.804522607 2.904357338 2.796992363 2.816360361 2.816360361 2.844042105 2.937553016 2.877910830 2.913034649 2.896654376 2.901068782 2.859138178 2.895333856 2.932601019 2.898116171 2.922201890 2.784111255
GCA_000323945.1_ASM32394v1_genomic   2.468579946 2.468677840 2.861536891 2.803581281 2.950459722 1.222699284 2.710906210 2.799167965 0.000000000 2.398015215 2.673021013 3.148849887 2.513474008 3.012827612 2.519031941 2.564636390 2.564636390 2.587906160 2.559403418 2.705887227 4.100569287 2.565154878 2.768870917 2.811474157 2.536257600 2.498694038 3.801287533 1.219213198 2.468544072
GCA_000323965.1_ASM32396v1_genomic   2.680556164 2.680898438 2.224198722 2.783992732 2.262245129 2.579877628 2.623426582 2.789881991 2.398015215 0.000000000 2.022314242 2.258077155 8.999999975 2.262393184 3.835620031 2.957166090 2.957166090 1.816873665 2.530646967 2.636785160 2.449167394 2.480310144 2.053536351 2.202499604 2.512767833 2.252314492 2.469121625 2.558662279 2.570439592
GCA_000324065.1_ASM32406v1_genomic   2.335936119 2.336076318 8.999999963 2.870785284 3.290577955 3.156455351 2.837752960 2.878149928 2.673021013 2.022314242 0.000000000 2.556825275 2.219439263 3.291468468 2.257639716 2.479968743 2.479968743 1.973133898 2.676328576 2.880229766 3.176262584 2.729874244 2.496365720 4.052268279 3.089686339 2.462261717 3.009801193 3.085053849 2.293888630
GCA_000324565.1_ASM32456v1_genomic   2.402374970 2.402474409 2.800215173 2.859374910 2.843346376 4.326138325 2.851608733 2.855190943 3.148849887 2.258077155 2.556825275 0.000000000 2.375884433 2.912981012 2.390219719 2.503164403 2.503164403 2.358431390 2.660079604 2.860167116 8.999999973 2.689666937 2.554822445 2.740568045 4.524600027 2.537188097 8.999999968 4.046123263 2.371867567
GCA_000324725.1_ASM32472v1_genomic   2.206717354 2.207029454 2.411630706 2.798664796 2.447583576 2.686660341 2.694902899 2.804522607 2.513474008 8.999999975 2.219439263 2.375884433 0.000000000 2.447731834 2.214523213 2.522533751 2.522533751 2.199723590 2.569137058 2.706478530 2.608966102 2.551234240 2.268427675 2.382609292 2.626790701 2.356787770 2.584762262 2.662871853 2.117873000
GCA_000325305.1_ASM32530v1_genomic   2.474702407 2.495503020 5.735056873 2.897171269 0.000000023 3.492682866 3.054675574 2.904357338 3.012827612 2.262393184 3.291468468 2.912981012 2.447731834 0.000000000 2.462589930 2.607597490 2.607597490 2.419518645 2.737664442 3.058603211 3.589784717 2.833193638 3.425665331 4.309360384 3.467331128 2.708519661 3.395103335 3.397907384 2.431636152
GCA_000325365.1_ASM32536v1_genomic   2.275004948 2.275351908 2.430114240 2.791250290 2.462455779 2.681684404 2.691170473 2.796992363 2.519031941 3.835620031 2.257639716 2.390219719 2.214523213 2.462589930 0.000000000 2.612197079 2.612197079 2.360271662 2.588813425 2.702379203 2.608521674 2.580633575 2.304522570 2.403118019 2.648458746 2.370664416 2.585856490 2.659380854 2.174807309
GCA_000590535.1_EV_NIIEG_genomic     4.977807118 4.984518199 2.566065013 2.801704035 2.585786806 2.681466396 2.689110984 2.816360361 2.564636390 2.957166090 2.479968743 2.503164403 2.522533751 2.607597490 2.612197079 0.000000000 0.000000023 2.452656824 2.601922467 2.720897518 2.661904773 2.600513398 2.499435116 2.545579411 2.690318389 2.479593498 2.644450638 2.695255456 8.999999960
GCA_000590535.2_ASM59053v2_genomic   4.977807118 4.984518199 2.566065013 2.801704035 2.585786806 2.681466396 2.689110984 2.816360361 2.564636390 2.957166090 2.479968743 2.503164403 2.522533751 2.607597490 2.612197079 0.000000023 0.000000000 2.452656824 2.601922467 2.720897518 2.661904773 2.600513398 2.499435116 2.545579411 2.690318389 2.479593498 2.644450638 2.695255456 8.999999960
GCA_000835005.1_ASM83500v1_genomic   2.257586898 2.257773754 2.354499059 2.837445108 2.419255943 2.947844888 2.703789685 2.844042105 2.587906160 1.816873665 1.973133898 2.358431390 2.199723590 2.419518645 2.360271662 2.452656824 2.452656824 0.000000000 2.590530577 2.717567975 2.759126751 2.562883268 2.199178275 2.308224347 2.787064670 2.335076180 2.658071295 2.901477965 2.203019741
GCA_001188795.1_ASM118879v1_genomic  2.529449139 2.570516594 2.608589394 2.937530110 2.752379122 2.760911420 2.443473080 2.937553016 2.559403418 2.530646967 2.676328576 2.660079604 2.569137058 2.737664442 2.588813425 2.601922467 2.601922467 2.590530577 0.000000000 2.393031653 2.782172658 2.518069610 2.695154979 2.622182295 2.768793727 2.709468799 2.751121484 2.780036370 2.538311262
GCA_001294975.1_ASM129497v1_genomic  2.658673128 2.683980851 2.859724537 2.877892805 3.092675857 3.000214695 0.782096687 2.877910830 2.705887227 2.636785160 2.880229766 2.860167116 2.706478530 3.058603211 2.702379203 2.720897518 2.720897518 2.717567975 2.393031653 0.000000000 3.050099652 8.999999976 3.005085489 2.830072779 3.025089073 3.414504556 3.000216335 3.027165197 2.635863152
GCA_002005285.1_ASM200528v1_genomic  2.566666075 2.566768184 3.429409400 2.917130847 3.467131824 8.999999963 3.046894737 2.913034649 4.100569287 2.449167394 3.176262584 8.999999973 2.608966102 3.589784717 2.608521674 2.661904773 2.661904773 2.759126751 2.782172658 3.050099652 0.000000000 2.879040072 3.232091034 3.325407680 5.548162932 2.824584510 8.999999960 5.777384504 2.533896940
GCA_002981895.1_ASM298189v1_genomic  2.534177373 2.556385047 2.610944592 2.896636784 2.861378133 2.840431676 6.229530901 2.896654376 2.565154878 2.480310144 2.729874244 2.689666937 2.551234240 2.833193638 2.580633575 2.600513398 2.600513398 2.562883268 2.518069610 8.999999976 2.879040072 0.000000000 2.764277513 2.587493545 2.856860536 2.925578389 2.830324371 2.868696892 2.512136170
GCA_003074235.1_ASM307423v1_genomic  2.352770672 2.352914818 8.999999977 2.893758646 3.424176916 3.325451916 2.998701255 2.901068782 2.768870917 2.053536351 2.496365720 2.554822445 2.268427675 3.425665331 2.304522570 2.499435116 2.499435116 2.199178275 2.695154979 3.005085489 3.232091034 2.764277513 0.000000000 4.966937173 3.273703619 2.557795556 3.048405841 3.234939852 2.309352479
GCA_003074535.1_ASM307453v1_genomic  2.414999615 2.415131067 0.767187717 2.852106343 4.308072986 3.281931062 2.787808868 2.859138178 2.811474157 2.202499604 4.052268279 2.740568045 2.382609292 4.309360384 2.403118019 2.545579411 2.545579411 2.308224347 2.622182295 2.830072779 3.325407680 2.587493545 4.966937173 0.000000000 3.234426765 2.207248887 3.164290696 3.207716158 2.374663281
GCA_008630435.1_ASM863043v1_genomic  2.597182437 2.597283860 3.325273470 2.899422745 3.361745163 4.741965712 3.046277266 2.895333856 2.536257600 2.512767833 3.089686339 4.524600027 2.626790701 3.467331128 2.648458746 2.690318389 2.690318389 2.787064670 2.768793727 3.025089073 5.548162932 2.856860536 3.273703619 3.234426765 0.000000000 2.792351548 7.120221192 3.418710857 2.564358693
GCA_009670865.1_ASM967086v1_genomic  2.386202754 2.386293829 2.234474164 2.932585182 2.708360677 2.843934538 3.339668881 2.932601019 2.498694038 2.252314492 2.462261717 2.537188097 2.356787770 2.708519661 2.370664416 2.479593498 2.479593498 2.335076180 2.709468799 3.414504556 2.824584510 2.925578389 2.557795556 2.207248887 2.792351548 0.000000000 2.751127309 2.815273259 2.358363274
GCA_015158755.1_ASM1515875v1_genomic 2.550325817 2.550425814 3.252987339 2.902228438 3.291461164 7.251035377 2.995612867 2.898116171 3.801287533 2.469121625 3.009801193 8.999999968 2.584762262 3.395103335 2.585856490 2.644450638 2.644450638 2.658071295 2.751121484 3.000216335 8.999999960 2.830324371 3.048405841 3.164290696 7.120221192 2.751127309 0.000000000 5.049625710 2.518368066
GCA_016102905.1_ASM1610290v1_genomic 2.609712250 2.609805702 3.282268679 2.926232672 3.313315279 0.772346344 3.047176275 2.922201890 1.219213198 2.558662279 3.085053849 4.046123263 2.662871853 3.397907384 2.659380854 2.695255456 2.695255456 2.901477965 2.780036370 3.027165197 5.777384504 2.868696892 3.234939852 3.207716158 3.418710857 2.815273259 5.049625710 0.000000000 2.579339395
Reference                            8.999999971 8.999999972 2.391724674 2.778777782 2.413299928 2.564444910 2.625307678 2.784111255 2.468544072 2.570439592 2.293888630 2.371867567 2.117873000 2.431636152 2.174807309 8.999999960 8.999999960 2.203019741 2.538311262 2.635863152 2.533896940 2.512136170 2.309352479 2.374663281 2.564358693 2.358363274 2.518368066 2.579339395 0.000000000
