snp-dists 0.7.0	GCA_000169635.1_ASM16963v1_genomic	GCA_000170275.1_ASM17027v1_genomic	GCA_000269145.1_ASM26914v1_genomic	GCA_000320465.1_ASM32046v1_genomic	GCA_000323485.1_ASM32348v1_genomic	GCA_000323505.1_ASM32350v1_genomic	GCA_000323565.1_ASM32356v1_genomic	GCA_000323625.1_ASM32362v1_genomic	GCA_000323845.1_ASM32384v1_genomic	GCA_000323945.1_ASM32394v1_genomic	GCA_000323965.1_ASM32396v1_genomic	GCA_000324065.1_ASM32406v1_genomic	GCA_000324565.1_ASM32456v1_genomic	GCA_000324725.1_ASM32472v1_genomic	GCA_000325305.1_ASM32530v1_genomic	GCA_000325365.1_ASM32536v1_genomic	GCA_000835005.1_ASM83500v1_genomic	GCA_001188795.1_ASM118879v1_genomic	GCA_001294975.1_ASM129497v1_genomic	GCA_002005285.1_ASM200528v1_genomic	GCA_002981895.1_ASM298189v1_genomic	GCA_003074235.1_ASM307423v1_genomic	GCA_003074535.1_ASM307453v1_genomic	GCA_008630435.1_ASM863043v1_genomic	GCA_009670865.1_ASM967086v1_genomic	GCA_015158755.1_ASM1515875v1_genomic	GCA_016102905.1_ASM1610290v1_genomic	Reference
GCA_000169635.1_ASM16963v1_genomic	0	0	0	77	506	82	126	183	500	115	32	65	111	32	78	30	50	267	204	116	192	75	85	123	128	124	138	1
GCA_000170275.1_ASM17027v1_genomic	0	0	0	77	504	82	126	183	498	115	32	65	111	32	78	30	50	266	204	116	192	75	85	123	128	124	138	1
GCA_000269145.1_ASM26914v1_genomic	0	0	0	77	501	81	126	180	496	115	32	65	111	32	77	30	50	263	200	116	188	72	82	120	123	121	135	1
GCA_000320465.1_ASM32046v1_genomic	77	77	77	0	413	22	68	105	409	59	40	5	50	44	23	49	26	168	115	60	102	11	1	60	39	58	70	76
GCA_000323485.1_ASM32348v1_genomic	506	504	501	413	0	445	472	311	0	441	444	390	471	455	431	470	428	257	327	486	337	426	417	470	390	472	496	505
GCA_000323505.1_ASM32350v1_genomic	82	82	81	22	445	0	70	125	439	60	44	16	53	46	1	52	27	196	136	64	124	11	23	64	62	60	73	81
GCA_000323565.1_ASM32356v1_genomic	126	126	126	68	472	70	0	168	468	2	85	59	51	93	67	96	70	236	181	62	171	61	71	11	108	58	1	125
GCA_000323625.1_ASM32362v1_genomic	183	183	180	105	311	125	168	0	310	148	140	102	154	149	123	156	120	67	6	166	19	118	110	166	71	163	176	182
GCA_000323845.1_ASM32384v1_genomic	500	498	496	409	0	439	468	310	0	434	441	388	465	450	428	465	424	257	322	479	333	418	410	461	384	463	486	499
GCA_000323945.1_ASM32394v1_genomic	115	115	115	59	441	60	2	148	434	0	72	50	39	79	57	82	60	220	165	57	158	54	64	5	99	49	2	115
GCA_000323965.1_ASM32396v1_genomic	32	32	32	40	444	44	85	140	441	72	0	33	70	3	45	7	15	203	150	75	138	31	41	77	79	75	89	31
GCA_000324065.1_ASM32406v1_genomic	65	65	65	5	390	16	59	102	388	50	33	0	42	36	17	40	19	163	112	51	103	5	6	52	42	49	61	64
GCA_000324565.1_ASM32456v1_genomic	111	111	111	50	471	53	51	154	465	39	70	42	0	75	50	80	54	228	167	16	157	41	52	41	90	9	52	110
GCA_000324725.1_ASM32472v1_genomic	32	32	32	44	455	46	93	149	450	79	3	36	75	0	47	5	18	219	164	80	154	35	45	87	85	83	97	31
GCA_000325305.1_ASM32530v1_genomic	78	78	77	23	431	1	67	123	428	57	45	17	50	47	0	53	28	189	133	61	123	12	24	61	62	57	70	77
GCA_000325365.1_ASM32536v1_genomic	30	30	30	49	470	52	96	156	465	82	7	40	80	5	53	0	21	224	167	85	155	40	50	86	91	86	100	29
GCA_000835005.1_ASM83500v1_genomic	50	50	50	26	428	27	70	120	424	60	15	19	54	18	28	21	0	183	130	62	118	18	27	67	63	62	75	49
GCA_001188795.1_ASM118879v1_genomic	267	266	263	168	257	196	236	67	257	220	203	163	228	219	189	224	183	0	73	245	77	185	176	240	142	237	258	266
GCA_001294975.1_ASM129497v1_genomic	204	204	200	115	327	136	181	6	322	165	150	112	167	164	133	167	130	73	0	182	16	132	123	185	81	180	195	203
GCA_002005285.1_ASM200528v1_genomic	116	116	116	60	486	64	62	166	479	57	75	51	16	80	61	85	62	245	182	0	173	53	64	60	108	9	73	115
GCA_002981895.1_ASM298189v1_genomic	192	192	188	102	337	124	171	19	333	158	138	103	157	154	123	155	118	77	16	173	0	120	112	177	69	171	187	191
GCA_003074235.1_ASM307423v1_genomic	75	75	72	11	426	11	61	118	418	54	31	5	41	35	12	40	18	185	132	53	120	0	12	57	51	49	66	74
GCA_003074535.1_ASM307453v1_genomic	85	85	82	1	417	23	71	110	410	64	41	6	52	45	24	50	27	176	123	64	112	12	0	67	42	60	76	84
GCA_008630435.1_ASM863043v1_genomic	123	123	120	60	470	64	11	166	461	5	77	52	41	87	61	86	67	240	185	60	177	57	67	0	106	53	12	122
GCA_009670865.1_ASM967086v1_genomic	128	128	123	39	390	62	108	71	384	99	79	42	90	85	62	91	63	142	81	108	69	51	42	106	0	100	116	127
GCA_015158755.1_ASM1515875v1_genomic	124	124	121	58	472	60	58	163	463	49	75	49	9	83	57	86	62	237	180	9	171	49	60	53	100	0	62	123
GCA_016102905.1_ASM1610290v1_genomic	138	138	135	70	496	73	1	176	486	2	89	61	52	97	70	100	75	258	195	73	187	66	76	12	116	62	0	137
Reference	1	1	1	76	505	81	125	182	499	115	31	64	110	31	77	29	49	266	203	115	191	74	84	122	127	123	137	0
