196
GCA_000168235.2_ASM16823v2_genomic               0.000000000 0.097557276 0.015583964 0.057543503 0.019239187 0.090255955 0.019857303 0.032830640 0.102967520 0.022313648 0.022896617 0.024402571 0.028695751 0.076296821 0.033022246 0.057682054 0.082170005 0.166825983 0.058883338 0.060861193 0.033038162 0.309926379 0.076437757 0.075936489 0.031126619 0.019898298 0.084407780 0.060785503 0.078783302 0.031357507 0.088084587 0.080058154 0.211579712 0.195107032 0.032558531 0.033020512 0.014395934 0.076779998 0.087188525 0.080047530 0.082787152 0.090262600 0.087334595 0.082372670 0.035016006 0.196587343 0.073778137 0.067855416 0.071934365 0.072032294 0.086641767 0.029451395 0.031500972 0.025799228 0.024617097 0.373157355 0.022414203 0.119014051 0.047301571 0.010152494 0.028857803 0.059529785 0.223034025 2.128453616 0.017987588 0.019199386 0.212699408 0.106826300 0.095725637 0.038598624 0.060770693 0.096374010 0.353320312 0.011950266 0.189746343 0.230857073 0.345724134 0.348245883 0.206981783 0.180125501 0.189383420 0.065970904 0.021069102 0.020437432 0.077205455 0.096396037 0.095078643 0.096220710 0.109252520 0.085413331 0.063048437 0.081046030 0.144687129 0.194924822 0.065438674 0.123891385 0.098653530 0.101186482 0.096588104 0.098671922 0.354449451 0.070846926 0.345931203 0.186791335 0.099225629 0.067791756 0.189689513 0.099032168 0.248636938 0.099652069 0.238010676 0.099299121 0.019243968 0.020433848 0.090222873 0.094291021 0.101760696 0.100220574 0.360206018 0.101525632 0.311082975 0.187771270 0.181755443 0.185028902 0.137542406 0.314687514 0.095689234 0.058949956 0.091512644 0.100531154 0.100515499 0.097090310 0.098333486 0.099580190 0.068878308 0.066902937 0.086868555 0.021679756 0.031486371 0.026948395 0.023524513 0.086845356 0.029821921 0.029821921 0.076041090 0.102509738 0.072872546 0.095295498 0.104404953 0.130071954 0.097954482 0.169362034 0.098280859 0.095569972 0.096335447 0.097049335 0.093549167 2.123398543 0.026620569 0.167393843 0.214399206 0.337120995 0.340854092 0.104793003 0.068873499 0.496858532 0.191599688 0.096739880 0.045749045 0.042689796 0.094755412 0.041235854 0.041275257 0.042938790 0.084903304 0.107782674 0.091968560 0.090701114 0.093960769 0.071422396 0.059494104 0.043523434 0.057717023 0.042945070 0.062163270 0.064936832 0.058189989 0.058266182 0.269840903 0.288686131 0.131222703 0.049371344 0.096652331 0.056976040 0.058837096 0.042317690 
GCA_000169615.1_ASM16961v1_genomic               0.097557276 0.000000000 0.097588865 0.085126978 0.092188145 0.120245161 0.093585085 0.108912361 0.130821620 0.096381668 0.096932117 0.099512009 0.104174075 0.105652499 0.076438608 0.085385093 0.112682117 0.200123960 0.086580268 0.088969816 0.077126009 0.345020721 0.107236704 0.105133282 0.071391148 0.093422090 0.112746648 0.089113103 0.108182037 0.077894146 0.116198255 0.109748522 0.248788923 0.230148090 0.076275493 0.077786436 0.096394156 0.105378277 0.114000420 0.108319468 0.108399531 0.117106577 0.115895780 0.109918876 0.075689783 0.231748303 0.102365925 0.095510318 0.100706190 0.100631793 0.114461545 0.077338136 0.106070463 0.100844874 0.098297290 0.415875966 0.110972305 0.145244502 0.124835940 0.091465963 0.103367082 0.087255323 0.256361945 2.126217392 0.091321286 0.092660796 0.245284207 0.078590990 0.123146481 0.113342944 0.088520752 0.124514740 0.395246542 0.093432174 0.226059651 0.267927884 0.385915204 0.389980282 0.244259815 0.213507372 0.224840268 0.146382806 0.094911819 0.094122982 0.106444790 0.124542166 0.123180620 0.125238153 0.138070884 0.115118320 0.090369696 0.110863344 0.184256042 0.229050752 0.093467068 0.152724648 0.127122227 0.129026477 0.124828268 0.125577447 0.394314677 0.099190581 0.386266787 0.222132549 0.127530206 0.096093708 0.225230540 0.126566960 0.286285286 0.128097112 0.278946811 0.127627177 0.093564001 0.094114922 0.005994600 0.122331573 0.129596666 0.127938295 0.401376184 0.129714362 0.352119116 0.221517315 0.215096404 0.218556432 0.170084051 0.355905166 0.123796216 0.086679931 0.119402020 0.130859921 0.130838969 0.125264839 0.126542235 0.127990749 0.097132428 0.095064254 0.114565767 0.094886463 0.105734610 0.101799694 0.096975142 0.114534373 0.072219261 0.072219261 0.105289747 0.130214269 0.101336258 0.122034796 0.133023042 0.159492536 0.126229317 0.199400660 0.126467268 0.123637892 0.124430601 0.125209308 0.121532011 2.120625377 0.101219036 0.213347109 0.258008621 0.387159585 0.383920416 0.134814424 0.101231641 0.550566646 0.233139523 0.124815031 0.072856892 0.068960133 0.124371050 0.066352748 0.067775445 0.073396347 0.111943865 0.137581652 0.122014039 0.122489861 0.122312430 0.099768788 0.086120156 0.070497264 0.090569157 0.073891437 0.090707851 0.091635342 0.084498265 0.085279729 0.313159577 0.328045975 0.161568542 0.075221148 0.130257411 0.099526487 0.085842389 0.071709889 
GCA_000169635.1_ASM16963v1_genomic               0.015583964 0.097588865 0.000000000 0.057172761 0.019117671 0.090326475 0.019731798 0.033239548 0.102282484 0.022172392 0.022751818 0.024861612 0.029133975 0.076451920 0.032810837 0.057324180 0.082290468 0.165654399 0.058503400 0.060473603 0.032826560 0.306648761 0.076596499 0.076093027 0.030927650 0.020398956 0.083852717 0.060401051 0.078923140 0.031143061 0.087498048 0.080191294 0.211743716 0.194538682 0.032343361 0.033436437 0.014305099 0.076931846 0.086628297 0.079520157 0.082240644 0.089679195 0.086757976 0.081831610 0.034790926 0.196007273 0.073295223 0.067412306 0.071466598 0.071559718 0.086070038 0.029258064 0.031303023 0.026261468 0.025078875 0.371082181 0.022271676 0.118904544 0.047639103 0.010088641 0.028672120 0.059145566 0.222240014 2.127285553 0.017874247 0.019078369 0.211975243 0.105354166 0.095093575 0.038980324 0.060378548 0.095737687 0.351418397 0.011875105 0.189971964 0.230042857 0.343900852 0.346386926 0.207168246 0.179608073 0.188855498 0.066188755 0.020935925 0.020308413 0.077354316 0.095759455 0.094450869 0.096276007 0.108523236 0.085513127 0.062649127 0.080509792 0.149329553 0.194303172 0.065014616 0.123026809 0.097995712 0.100512336 0.095948979 0.098018072 0.352530490 0.070385568 0.344100314 0.186279300 0.098568739 0.067349528 0.189158627 0.098377881 0.246627710 0.098989504 0.238198144 0.098641266 0.019727045 0.020932067 0.089629804 0.093674626 0.101083223 0.099554863 0.358239659 0.100838305 0.309562234 0.187200585 0.181228489 0.184478729 0.136606705 0.313136713 0.095057704 0.058569175 0.090910585 0.100560254 0.100544687 0.096448823 0.097684045 0.098918776 0.068430236 0.066468162 0.086298031 0.021542687 0.031286704 0.027393810 0.023375610 0.086275134 0.029631768 0.029631768 0.076197233 0.101830907 0.072397206 0.094664892 0.103709745 0.127050311 0.097305819 0.168175741 0.097632198 0.094940000 0.095699604 0.096408407 0.092933033 2.122082519 0.026451690 0.166918032 0.213861051 0.331396977 0.339060736 0.104096836 0.069811553 0.490995094 0.189383554 0.096090132 0.045432400 0.042412250 0.094127629 0.040964877 0.040993856 0.040946994 0.083586937 0.106252804 0.092166019 0.090060059 0.093339819 0.070961242 0.059109312 0.043244816 0.055818936 0.042668578 0.061761217 0.063803696 0.057814943 0.057890162 0.272019782 0.286638048 0.130344833 0.048319862 0.095990382 0.056529947 0.058457749 0.042051276 
GCA_000169675.1_ASM16967v1_genomic               0.057543503 0.085126978 0.057172761 0.000000000 0.051478800 0.057920666 0.052768626 0.066337504 0.068553111 0.055349675 0.055914454 0.058517892 0.062934813 0.044632952 0.037209407 0.026472072 0.051287119 0.117061272 0.022767519 0.028578956 0.036603416 0.247558379 0.045985806 0.044430994 0.032680489 0.053279731 0.051663795 0.024476090 0.047060598 0.037908218 0.053518309 0.047411826 0.158696154 0.143274393 0.037491882 0.038471036 0.055990723 0.045161839 0.053155794 0.047406923 0.050621329 0.055545329 0.054364148 0.049112375 0.036547412 0.144467255 0.040939610 0.035932332 0.039485432 0.040437171 0.053076507 0.038314604 0.065565345 0.059538059 0.057728026 0.306369461 0.068682530 0.084706367 0.082602675 0.051449947 0.061328012 0.023377298 0.183706854 2.126515990 0.050744007 0.052001220 0.173069833 0.092264899 0.061817967 0.072394850 0.024576392 0.062443715 0.287937451 0.053314811 0.139167683 0.176312728 0.280380058 0.283186336 0.155251843 0.129386630 0.138184134 0.102024722 0.054018938 0.053325608 0.045655552 0.062458513 0.061194505 0.062786272 0.074498095 0.053372140 0.026549509 0.038058524 0.113546691 0.143111713 0.033839299 0.086379127 0.064314577 0.066784763 0.063233520 0.064540943 0.287801078 0.027739361 0.280378897 0.135660205 0.065106559 0.035901802 0.138385621 0.064985753 0.201652710 0.065375376 0.196044474 0.065153265 0.052756389 0.054010325 0.077481990 0.060487464 0.067363305 0.065954055 0.293236870 0.065910789 0.249627357 0.136505296 0.131066878 0.134067795 0.102489854 0.252960679 0.061796954 0.027680510 0.057873516 0.056303716 0.056295286 0.063111754 0.064325432 0.065336661 0.037033498 0.035161595 0.053449413 0.054653906 0.064835350 0.061895263 0.056589429 0.053435578 0.033377768 0.033377768 0.044487424 0.068263535 0.029604548 0.061329912 0.070569790 0.093444713 0.064515293 0.131400146 0.064295089 0.061722310 0.062418649 0.063086780 0.059801513 2.121476426 0.059849565 0.131110791 0.174833125 0.283923720 0.278954106 0.059309265 0.030796727 0.439183471 0.152957669 0.065567845 0.014126826 0.016485114 0.050472807 0.017302175 0.015434021 0.017770814 0.043246395 0.063640570 0.047839260 0.048519291 0.061770644 0.041349546 0.029164649 0.012480923 0.033337784 0.014591632 0.032584746 0.034534574 0.028236462 0.028272348 0.214415816 0.228701164 0.096805140 0.016601898 0.069485152 0.039774736 0.028850784 0.014515611 
GCA_000181455.2_ASM18145v2_genomic               0.019239187 0.092188145 0.019117671 0.051478800 0.000000000 0.084367842 0.014908286 0.028327609 0.096212544 0.010113081 0.010698713 0.020568136 0.024211809 0.070585663 0.027873663 0.051615015 0.076345840 0.159662602 0.052795367 0.054689082 0.027887162 0.299611388 0.070719694 0.070256164 0.026005320 0.015410873 0.077928071 0.054563610 0.073052213 0.025220411 0.081479550 0.074268483 0.204656457 0.187678180 0.028559599 0.028494978 0.017936255 0.071075593 0.080592958 0.073571521 0.076300033 0.083639877 0.081449800 0.075922194 0.029826061 0.189113540 0.067442028 0.061597689 0.065542434 0.065700374 0.080115694 0.024214499 0.026854972 0.021317031 0.020130055 0.362705330 0.029718238 0.112646566 0.036268649 0.013691056 0.016348735 0.053433149 0.215439771 2.125322656 0.005914912 0.007102531 0.205226084 0.098962875 0.089098399 0.033300279 0.054662118 0.089740034 0.343182853 0.015484801 0.183170111 0.221304367 0.335778114 0.338183977 0.198703099 0.172874945 0.180571067 0.061018137 0.008907298 0.008301592 0.071512085 0.089760628 0.088458461 0.090242987 0.102407410 0.079598413 0.056887003 0.074562885 0.142645352 0.187452672 0.059254426 0.116573449 0.091929609 0.094440920 0.089937453 0.091989488 0.344255996 0.064574452 0.335950383 0.177999941 0.092543636 0.061541207 0.180856791 0.092365623 0.236511223 0.092936770 0.230379076 0.092611502 0.014904670 0.016104189 0.084342805 0.087694086 0.095013918 0.093505507 0.349935649 0.094667799 0.301751146 0.180410682 0.174505867 0.177725623 0.130260475 0.305296752 0.089065391 0.052854671 0.084954135 0.094561347 0.094546758 0.090444188 0.091676805 0.092872340 0.062633304 0.060685478 0.080370722 0.016710472 0.025792662 0.023077767 0.018530683 0.080349466 0.024726727 0.024726727 0.070351141 0.095790699 0.066564330 0.088658311 0.097628507 0.122813502 0.091284161 0.161646762 0.091629098 0.088955464 0.089704243 0.090406617 0.086961748 2.119625837 0.014322794 0.158563759 0.205235601 0.321775135 0.330038318 0.098028194 0.063900209 0.480254118 0.181356617 0.089988026 0.039366624 0.036682722 0.088116114 0.035821830 0.035854087 0.032931186 0.080103083 0.100688513 0.085764928 0.085986304 0.087299445 0.065151727 0.053340345 0.037646710 0.050802261 0.037178588 0.056025892 0.058749498 0.052116179 0.052183770 0.263276680 0.278936199 0.123970142 0.042052136 0.089768993 0.050506282 0.051490028 0.036371562 
GCA_000182485.1_ASM18248v1_genomic               0.090255955 0.120245161 0.090326475 0.057920666 0.084367842 0.000000000 0.085733542 0.100733386 0.076236762 0.088467000 0.088352227 0.092145506 0.096031209 0.023506730 0.069547511 0.058074444 0.040058378 0.167731717 0.058617223 0.061241386 0.069586194 0.307067381 0.034858254 0.033388843 0.064641735 0.087424819 0.059063697 0.061823264 0.036584566 0.074055500 0.061685708 0.036860705 0.213329468 0.195982870 0.071989660 0.069553069 0.089146574 0.024067901 0.060711041 0.054762151 0.058032036 0.063105632 0.061820648 0.056464699 0.068828094 0.197466073 0.074104526 0.066873511 0.072278034 0.073021997 0.060511353 0.071683591 0.099848158 0.093430365 0.092981372 0.374300521 0.102703058 0.056788773 0.117634334 0.084322936 0.094540493 0.059900560 0.172133770 2.132215353 0.083533231 0.084846836 0.162269273 0.128748499 0.069362981 0.105681200 0.061137012 0.069996376 0.354387258 0.086255777 0.191380769 0.231751670 0.346757554 0.349295748 0.208694737 0.180952362 0.190255403 0.137286725 0.087035350 0.086271239 0.034608248 0.070012910 0.068731837 0.070384616 0.082282509 0.008926716 0.063419191 0.082685524 0.123799841 0.195744027 0.065790238 0.093245120 0.069962720 0.074458646 0.070162691 0.072146064 0.355524540 0.071181663 0.346968656 0.187665626 0.072711496 0.068137518 0.190563039 0.072574544 0.216475810 0.073003770 0.208738935 0.072764247 0.085052421 0.087023626 0.111750302 0.068005575 0.075038669 0.073594799 0.361300685 0.073010291 0.313006236 0.188593187 0.182578354 0.185850433 0.110043440 0.316625014 0.069338724 0.059323084 0.065343804 0.101468587 0.101452823 0.070677793 0.071902752 0.072970118 0.069219389 0.067250439 0.060854092 0.087698814 0.098346883 0.095758746 0.089744172 0.060838168 0.065446413 0.065446413 0.020982318 0.075909753 0.073201003 0.068878577 0.078290643 0.102428858 0.072786237 0.139422145 0.071867711 0.069254040 0.069968192 0.070649290 0.067303387 2.127204078 0.093202845 0.179168990 0.223521481 0.339922660 0.340827641 0.105026896 0.072605534 0.508112934 0.201148778 0.098483866 0.046872435 0.047650085 0.095687006 0.045586803 0.047577806 0.051666111 0.090525593 0.109595058 0.093771008 0.094528116 0.094909591 0.073047011 0.059225785 0.043949322 0.064942730 0.044218301 0.064454721 0.066580569 0.059842163 0.059920292 0.274951755 0.288863777 0.132845253 0.049782579 0.103217621 0.066442448 0.060488176 0.045326793 
GCA_000182505.1_ASM18250v1_genomic               0.019857303 0.093585085 0.019731798 0.052768626 0.014908286 0.085733542 0.000000000 0.028954946 0.097609290 0.017944450 0.018526475 0.021191251 0.024838397 0.071923767 0.027887403 0.052908350 0.076376610 0.161297595 0.054089014 0.054716461 0.027284602 0.301537484 0.072060279 0.071587433 0.026632832 0.016038782 0.079282992 0.055884303 0.074392566 0.025228962 0.082860852 0.075604710 0.206340510 0.189300861 0.029206008 0.029124600 0.018549870 0.072411659 0.081971262 0.074953890 0.077657808 0.085023696 0.082161960 0.077272681 0.030460891 0.190744714 0.068125385 0.062273760 0.065596698 0.066383616 0.081478431 0.025488094 0.027503760 0.021945000 0.020757979 0.362958223 0.030350720 0.114094262 0.043225414 0.014298412 0.024355695 0.054728100 0.217060958 2.126846875 0.013678497 0.014877663 0.206830614 0.099727875 0.090474689 0.034582660 0.054689163 0.091117195 0.343416514 0.016093976 0.184776930 0.224591581 0.336003083 0.338412962 0.201879247 0.172969837 0.183672375 0.061694766 0.016717928 0.016097666 0.072845168 0.091138070 0.089833819 0.091628487 0.103817612 0.080921838 0.058194883 0.075921267 0.144211929 0.187557076 0.060562999 0.118040672 0.093323484 0.095837194 0.091317885 0.093374785 0.344491569 0.065897148 0.336176227 0.181098324 0.093928396 0.062861805 0.183964681 0.093747362 0.240543693 0.094318265 0.232260034 0.093997363 0.015513979 0.016714790 0.085706752 0.089066373 0.096409974 0.094896279 0.350176416 0.096055162 0.301943838 0.180510395 0.174601473 0.177823372 0.131706879 0.305492586 0.090441016 0.054149812 0.086319623 0.095941037 0.095926216 0.091823280 0.093057061 0.094262157 0.063951857 0.061999855 0.081727405 0.017321928 0.027024927 0.022448854 0.019144654 0.081705764 0.025351406 0.025351406 0.071684541 0.097180443 0.067895750 0.090037010 0.099028533 0.124301474 0.092667541 0.163184566 0.093008393 0.090329256 0.091080860 0.091785041 0.088331571 2.122113159 0.022202268 0.157651847 0.208828787 0.326544401 0.332922022 0.099425504 0.065240115 0.484938215 0.183934312 0.090692254 0.040738354 0.037973212 0.089495684 0.036482468 0.037151528 0.036105029 0.080138463 0.101436117 0.087942231 0.086737347 0.087995938 0.066474330 0.054648039 0.038908136 0.052226659 0.038586989 0.057327272 0.060059840 0.053407399 0.053476748 0.266675783 0.280828383 0.124706532 0.042023673 0.090486886 0.051220439 0.054046892 0.037650699 
GCA_000182525.1_ASM18252v1_genomic               0.032830640 0.108912361 0.033239548 0.066337504 0.028327609 0.100733386 0.028954946 0.000000000 0.112929107 0.031437995 0.032014402 0.031128640 0.035441476 0.086646453 0.041045906 0.067174705 0.092643924 0.177748290 0.068352597 0.069812240 0.042322073 0.321373849 0.085461555 0.086234202 0.040383149 0.029943206 0.094175979 0.070483092 0.089134354 0.038573652 0.097992872 0.089725005 0.223749482 0.206101215 0.043352144 0.042938279 0.032056011 0.087110317 0.097170931 0.089815702 0.092586739 0.099426281 0.097154876 0.092121072 0.044343247 0.207631303 0.083455124 0.077484081 0.081703031 0.081724208 0.096453633 0.038958679 0.041071374 0.035742870 0.034564384 0.386001627 0.044182441 0.129945023 0.057439586 0.027698894 0.037529845 0.069004580 0.234610159 2.127998995 0.027048219 0.028268983 0.224218603 0.116649344 0.105581784 0.045477888 0.070248928 0.106232460 0.366015249 0.029520554 0.201419673 0.243120721 0.358268459 0.360906957 0.219746883 0.191720880 0.201097364 0.073597973 0.030173608 0.029527042 0.087509536 0.106256293 0.104931860 0.106151725 0.118553205 0.095824951 0.072607322 0.090860741 0.161233637 0.206682400 0.074982240 0.131316161 0.108619908 0.111154874 0.106469101 0.108575849 0.367202681 0.080461410 0.358518092 0.198504165 0.109122237 0.077409706 0.201428225 0.108907700 0.259436149 0.109593736 0.252509447 0.109203289 0.026488502 0.030168249 0.100684180 0.104131725 0.111724038 0.110154892 0.372985219 0.108711207 0.322377184 0.199443816 0.193327505 0.196644652 0.147866221 0.326012879 0.105540518 0.068433622 0.101315354 0.111074166 0.111056809 0.106155862 0.108202824 0.109511065 0.078473946 0.076480046 0.096634677 0.030789288 0.040670242 0.037482244 0.032653482 0.096608800 0.039048891 0.039048891 0.086355443 0.112422545 0.082512080 0.105171704 0.114380773 0.139849820 0.107848801 0.179918131 0.108143180 0.105408621 0.106190235 0.106912758 0.103371197 2.123028757 0.035785171 0.180436525 0.226311893 0.343013391 0.354338460 0.114747064 0.080082774 0.505084107 0.199542956 0.106079896 0.055840033 0.052244326 0.104641382 0.048908630 0.052900144 0.049880698 0.096358172 0.117766243 0.103301616 0.102612891 0.103217465 0.081036464 0.069070987 0.052851590 0.067939316 0.052698592 0.071010265 0.074499565 0.067649268 0.067738079 0.287029566 0.300850274 0.140903497 0.055569827 0.105442962 0.066660430 0.068302522 0.051152435 
GCA_000182705.1_ASM18270v1_genomic               0.102967520 0.130821620 0.102282484 0.068553111 0.096212544 0.076236762 0.097609290 0.112929107 0.000000000 0.098355053 0.100273759 0.104284035 0.107535385 0.061841992 0.081168073 0.069387213 0.068766705 0.181814539 0.069922870 0.072724432 0.081203400 0.326591025 0.063209928 0.062211206 0.075428576 0.098118044 0.035875375 0.074098699 0.064976043 0.084428893 0.038828130 0.066128146 0.228475653 0.210522987 0.081887918 0.082528783 0.101102177 0.063008649 0.037053007 0.027949595 0.035443891 0.040793514 0.038471244 0.034033878 0.080415225 0.211300642 0.085799690 0.079785490 0.084064384 0.084732042 0.037879403 0.080889092 0.110886594 0.106372270 0.105238900 0.391948654 0.115011498 0.104286849 0.130353451 0.096162242 0.105341794 0.071230275 0.207181043 2.134154100 0.095339122 0.096676340 0.196938806 0.139131840 0.005923916 0.118226980 0.072481806 0.016140912 0.371607304 0.098124217 0.205764423 0.247181792 0.365170692 0.366413474 0.223476121 0.195122523 0.204597804 0.151170825 0.098933466 0.098141011 0.063466795 0.016144919 0.014942196 0.016226627 0.027228875 0.071499377 0.074869149 0.093958932 0.072081365 0.210260666 0.077250130 0.076782515 0.024917466 0.011368755 0.008322100 0.009520378 0.374362722 0.082775014 0.365448306 0.201982450 0.018584054 0.079708085 0.204939083 0.018551420 0.155270808 0.026058159 0.146608835 0.018596933 0.096913377 0.098921006 0.123468456 0.021633242 0.013168647 0.012544829 0.380252580 0.056725044 0.329577743 0.202933493 0.196735453 0.200093366 0.093705148 0.333286241 0.015536393 0.070653845 0.011908178 0.113618378 0.113600505 0.016751524 0.017940717 0.018649615 0.080772463 0.078763699 0.038317083 0.099608447 0.110451942 0.107991698 0.101699171 0.038307265 0.076272118 0.076272118 0.062294300 0.014899070 0.084842694 0.014974140 0.041689951 0.044506511 0.018601898 0.081732028 0.017933578 0.015518249 0.016134306 0.016745463 0.013712226 2.128899580 0.105239767 0.194065944 0.241396125 0.370798267 0.360118909 0.117341283 0.086501570 0.533671904 0.215183934 0.111563720 0.058136588 0.059664961 0.107843954 0.059049212 0.059057958 0.067199946 0.101364631 0.120487868 0.101452440 0.106688906 0.107116840 0.085343167 0.071973864 0.054959874 0.074218114 0.055755694 0.075881492 0.078085811 0.071160368 0.071254385 0.293999458 0.305805177 0.145979697 0.063738647 0.113038500 0.089177173 0.071819443 0.056535070 
GCA_000255755.1_ASM25575v1_genomic               0.022313648 0.096381668 0.022172392 0.055349675 0.010113081 0.088467000 0.017944450 0.031437995 0.098355053 0.000000000 0.010105128 0.023666041 0.027322969 0.074601373 0.030999404 0.055496430 0.080423645 0.163679822 0.056677671 0.058626142 0.031014338 0.304491083 0.074742841 0.074251286 0.029119083 0.018550352 0.081994491 0.058536522 0.077074699 0.027886861 0.084945951 0.078328294 0.208105183 0.191754667 0.031124477 0.031624297 0.020989765 0.075085165 0.084742697 0.077657865 0.080375019 0.087793500 0.084892725 0.079975231 0.032972061 0.193211755 0.071444278 0.065565143 0.069597152 0.069704317 0.084205707 0.027405768 0.029435966 0.023818533 0.023252407 0.367936185 0.032852706 0.116995173 0.039466346 0.016718138 0.018202158 0.057319341 0.219583464 2.127346238 0.007704622 0.008895764 0.209320732 0.104832610 0.092560783 0.036498880 0.058552778 0.093204799 0.348338634 0.018518915 0.187205610 0.227187441 0.340850579 0.343310716 0.204371523 0.176855772 0.186094230 0.064339455 0.010710015 0.008905855 0.075512684 0.093226106 0.091918306 0.093728930 0.105953514 0.083660433 0.060811947 0.078639653 0.146597344 0.191522915 0.063181405 0.121050266 0.095437182 0.097955317 0.093410524 0.095470083 0.349437982 0.068543801 0.341040098 0.183516295 0.096028409 0.065504297 0.186391907 0.095842714 0.244403820 0.096438100 0.235178810 0.096099072 0.017940111 0.019144722 0.088436552 0.090479382 0.098527947 0.097675179 0.355146111 0.098917451 0.306573720 0.184435334 0.178482699 0.181724850 0.134675096 0.310142905 0.092520903 0.056741464 0.088388092 0.098033949 0.098018772 0.093914030 0.095149961 0.096369956 0.066583153 0.064623028 0.084433483 0.019754572 0.029492504 0.024283993 0.021585280 0.084420115 0.027827791 0.027827791 0.074352701 0.099289041 0.070548676 0.092126637 0.101831866 0.126562780 0.094765074 0.166266830 0.095099804 0.092411501 0.093167629 0.093874762 0.090407203 2.122318759 0.016145342 0.163852996 0.209278750 0.330302508 0.335997612 0.101524446 0.067942420 0.491316330 0.184710376 0.094189387 0.043477355 0.040556744 0.092257209 0.038444554 0.039117360 0.039420355 0.083818318 0.102705618 0.090870182 0.090338272 0.091454432 0.069120803 0.057264885 0.041433181 0.054533574 0.040703264 0.059931337 0.062681793 0.055991217 0.056064093 0.265116329 0.283668494 0.128410689 0.046300593 0.094052170 0.052722866 0.055361883 0.040211451 
GCA_000255895.1_ASM25589v1_genomic               0.022896617 0.096932117 0.022751818 0.055914454 0.010698713 0.088352227 0.018526475 0.032014402 0.100273759 0.010105128 0.000000000 0.024251482 0.027905542 0.074505441 0.031579306 0.056062539 0.080981788 0.164220115 0.057242231 0.059195878 0.031594482 0.305839661 0.075301622 0.074806869 0.029699504 0.019152527 0.082548797 0.058449845 0.077630040 0.027811275 0.086175127 0.078886992 0.209433220 0.193058549 0.031718193 0.032203947 0.021570684 0.074988799 0.085304361 0.078216893 0.080932844 0.087677823 0.085446768 0.080530617 0.033552825 0.194520398 0.072004883 0.066129282 0.069493193 0.070267665 0.084760036 0.028003244 0.030034898 0.024407581 0.023843086 0.369352636 0.033431517 0.116837779 0.040047030 0.017300203 0.018792332 0.057883554 0.220781972 2.126535377 0.008290139 0.009480638 0.210524900 0.105403266 0.093108052 0.037084127 0.059115885 0.093751490 0.349708122 0.019099715 0.188503153 0.228509355 0.342210426 0.344680977 0.204905332 0.178151102 0.187389853 0.064905216 0.011295241 0.009491381 0.076067227 0.093772877 0.092466124 0.094278188 0.106500787 0.083552448 0.061376793 0.079200238 0.147132454 0.192825137 0.063743165 0.120736271 0.095987299 0.098502735 0.093958223 0.096022113 0.350812610 0.069103932 0.342404284 0.184813826 0.096574062 0.066067896 0.187689957 0.096387434 0.244902767 0.096985742 0.235663403 0.096645059 0.018522005 0.019725843 0.088985259 0.091693656 0.099074452 0.098221324 0.356518513 0.098669788 0.307921553 0.185733535 0.179774281 0.183018864 0.135199498 0.311491514 0.093073133 0.057306587 0.088937009 0.099243581 0.099228225 0.094460469 0.095695093 0.096917112 0.067151353 0.065192034 0.084994043 0.020335486 0.030068034 0.026780946 0.022165534 0.084971503 0.028407723 0.028407723 0.074257406 0.099831967 0.071111973 0.092675492 0.102375668 0.127109850 0.095311998 0.166765687 0.095644621 0.092957984 0.093714157 0.094420991 0.090954971 2.121414488 0.016728766 0.164428174 0.209185639 0.330615246 0.337365443 0.102765611 0.068513736 0.491457213 0.186928281 0.094749729 0.044086214 0.041143246 0.092806753 0.039683397 0.039711732 0.038499241 0.084435316 0.105716804 0.091457658 0.090918186 0.092012406 0.069680072 0.057834760 0.042005150 0.055181173 0.041340556 0.060494630 0.063245026 0.056555694 0.056629237 0.270241259 0.285017997 0.128952699 0.046932007 0.094623660 0.054225664 0.055926789 0.040154035 
GCA_000268625.1_ASM26862v1_genomic               0.024402571 0.099512009 0.024861612 0.058517892 0.020568136 0.092145506 0.021191251 0.031128640 0.104284035 0.023666041 0.024251482 0.000000000 0.006013796 0.078070592 0.033831036 0.058674770 0.083315958 0.167830571 0.059864590 0.061854060 0.033836649 0.310205686 0.077524391 0.077030125 0.031924240 0.021276277 0.085567903 0.062457226 0.079223534 0.030147014 0.089299427 0.081196592 0.215427465 0.197270621 0.033999309 0.034463059 0.023667052 0.078553166 0.088422401 0.081141261 0.083927571 0.091515233 0.088509218 0.083527460 0.035832633 0.198735042 0.074213458 0.068245916 0.072343282 0.072442167 0.087835684 0.029593371 0.032975783 0.027833961 0.026638544 0.375061435 0.035078131 0.121178861 0.049515810 0.019332740 0.025172914 0.060518823 0.222937971 2.127320524 0.019305110 0.020525334 0.213300066 0.106691801 0.096982355 0.036861353 0.061767589 0.097635132 0.355057456 0.021156260 0.192621030 0.234182891 0.346330163 0.349941506 0.210095336 0.182065694 0.192251285 0.059636854 0.022411201 0.020549086 0.078320134 0.096973189 0.096330898 0.098191450 0.109912523 0.087260071 0.064076884 0.082195772 0.152161248 0.196163630 0.065818710 0.125340056 0.099245163 0.102492523 0.097853478 0.099926349 0.355281920 0.071919573 0.347600057 0.189574500 0.100509765 0.068188759 0.192565696 0.098951261 0.251494177 0.100944781 0.242837041 0.100584708 0.017510158 0.022407048 0.091436236 0.095541379 0.103069747 0.101515967 0.360917586 0.102820906 0.313325003 0.189776763 0.183702808 0.186242723 0.138394014 0.316961522 0.096266605 0.059936022 0.092736034 0.101822421 0.101822421 0.097677289 0.099608411 0.100871069 0.069280845 0.067292989 0.088058304 0.023026210 0.032902373 0.028959878 0.024884774 0.088034633 0.029987715 0.029987715 0.077811206 0.103816903 0.073960465 0.096525465 0.105732616 0.131679978 0.098548577 0.168990075 0.098195574 0.096823479 0.097585194 0.097635785 0.094787808 2.122052501 0.028004574 0.170873428 0.214471886 0.337821172 0.344269470 0.106120227 0.072013186 0.495910269 0.190322683 0.097281227 0.046679158 0.043579488 0.096009791 0.042770801 0.044107296 0.042163497 0.087664382 0.109257827 0.094057256 0.094162568 0.094491316 0.072501789 0.060495953 0.043769074 0.058838690 0.045367601 0.063171579 0.065970598 0.059168931 0.059246894 0.278938343 0.290944944 0.128934484 0.048141392 0.097884517 0.055681341 0.059820576 0.042555492 
GCA_000268865.1_ASM26886v1_genomic               0.028695751 0.104174075 0.029133975 0.062934813 0.024211809 0.096031209 0.024838397 0.035441476 0.107535385 0.027322969 0.027905542 0.006013796 0.000000000 0.081912175 0.038175880 0.063106897 0.087896180 0.173778040 0.064297548 0.066321434 0.038193983 0.317014564 0.081392252 0.082187348 0.036252683 0.025033841 0.088778642 0.066331302 0.084381105 0.034799629 0.091836139 0.085050048 0.220759556 0.202422379 0.038473952 0.038810611 0.027941770 0.082396453 0.091640740 0.084376475 0.087153263 0.094764779 0.091744628 0.086723095 0.038920523 0.203884449 0.078730497 0.072748593 0.076904396 0.076981807 0.091044186 0.034048236 0.037438603 0.031559010 0.030368847 0.379882299 0.040062497 0.125216999 0.053309781 0.023584100 0.029516648 0.064951014 0.228765758 2.130596318 0.022938075 0.024161436 0.217572565 0.111601995 0.100204137 0.039994597 0.066201244 0.100857228 0.359816027 0.025411585 0.197732633 0.239532462 0.351024682 0.354686343 0.215290541 0.187081602 0.197354959 0.067510198 0.026060628 0.024189406 0.082810026 0.100194390 0.099552171 0.101432021 0.113865604 0.091124129 0.068543409 0.086098654 0.154152430 0.202915349 0.070278218 0.129498136 0.102510670 0.105747358 0.101082824 0.103188906 0.360983531 0.076414052 0.352316463 0.194731778 0.103742406 0.072682880 0.197680236 0.102174515 0.254540250 0.104191892 0.244850389 0.103819780 0.021145086 0.026055882 0.096010436 0.098746587 0.106322532 0.104760291 0.365703276 0.106852992 0.318340928 0.195652266 0.188708205 0.192851828 0.142459191 0.321975463 0.099469026 0.064370683 0.095943216 0.107101299 0.107101299 0.100900749 0.102832714 0.104114728 0.073764391 0.071764091 0.091256759 0.026677429 0.036579757 0.032686745 0.028543101 0.091232223 0.033673632 0.033673632 0.081644566 0.107052620 0.078466454 0.099753243 0.108987705 0.134307896 0.101780024 0.173088595 0.101415014 0.100039641 0.100789911 0.100857744 0.097999911 2.126270661 0.031676041 0.174898067 0.221381067 0.341824485 0.350337483 0.110771199 0.075934456 0.502044877 0.196598356 0.102713482 0.050723542 0.048050943 0.100629379 0.046630009 0.048641330 0.046233916 0.091184505 0.113503010 0.099035135 0.098345635 0.099864750 0.076994270 0.064969570 0.048130912 0.063194401 0.050233840 0.067618336 0.070439996 0.063592240 0.063676121 0.283054619 0.297490539 0.137647605 0.051639108 0.102720495 0.060213941 0.064246678 0.046989668 
GCA_000320445.1_ASM32044v1_genomic               0.076296821 0.105652499 0.076451920 0.044632952 0.070585663 0.023506730 0.071923767 0.086646453 0.061841992 0.074601373 0.074505441 0.078070592 0.081912175 0.000000000 0.055935000 0.044748705 0.026907726 0.151126372 0.045303312 0.047717862 0.055967340 0.287034146 0.021843860 0.020484481 0.051160884 0.071687576 0.044997817 0.047510661 0.022365450 0.059405948 0.046754799 0.023775837 0.195851643 0.179085413 0.058021827 0.057250455 0.073927645 0.011345570 0.045063271 0.040719158 0.043280665 0.047470987 0.047671570 0.042454360 0.055239765 0.180495213 0.060435301 0.054609351 0.055836208 0.059319759 0.046392383 0.058295890 0.083738210 0.077151359 0.078736974 0.354267569 0.088501345 0.049867605 0.103055546 0.070547114 0.080374945 0.046568593 0.156303901 2.130975071 0.069790672 0.071084810 0.145871212 0.112561495 0.055145522 0.090516822 0.047794940 0.055772119 0.334738089 0.072457732 0.174642484 0.213228987 0.327394692 0.329735355 0.192371434 0.164392843 0.174305008 0.123109230 0.073207889 0.072471476 0.021692534 0.055785532 0.054521209 0.056078853 0.067772414 0.019212404 0.049958490 0.068771909 0.108604475 0.179634704 0.052343407 0.079379259 0.056276023 0.060060273 0.056545552 0.057849031 0.335779951 0.057612549 0.327540444 0.171728140 0.058421674 0.054576927 0.174578875 0.058313372 0.196449378 0.058653653 0.190105964 0.058463682 0.071255740 0.073197230 0.097477211 0.053822420 0.060644619 0.059248281 0.341472715 0.059080577 0.292198659 0.172634103 0.166033666 0.169980569 0.095678819 0.295727368 0.055127012 0.045986629 0.051218934 0.086779077 0.086765714 0.056436537 0.057655194 0.058629544 0.055684470 0.053750071 0.046799217 0.073861723 0.084348220 0.081600707 0.075867277 0.046787075 0.051949172 0.051949172 0.010733950 0.061577669 0.059588409 0.054639375 0.063850815 0.087198267 0.058480835 0.124575365 0.057628448 0.055060265 0.055749515 0.056414310 0.053142455 2.125800417 0.079253049 0.167325350 0.203631083 0.322175558 0.319113661 0.090833227 0.059401413 0.481789653 0.183356004 0.083481954 0.032051965 0.034209204 0.080948782 0.034608851 0.034626973 0.038625557 0.076772182 0.095158982 0.078813587 0.079046763 0.080779198 0.060117187 0.046407996 0.030893187 0.051669996 0.032444256 0.051038071 0.052453553 0.046523283 0.046583541 0.255187348 0.269468277 0.117160085 0.037948187 0.087860099 0.055084718 0.047157956 0.032036732 
GCA_000323445.1_ASM32344v1_genomic               0.033022246 0.076438608 0.032810837 0.037209407 0.027873663 0.069547511 0.027887403 0.041045906 0.081168073 0.030999404 0.031579306 0.033831036 0.038175880 0.055935000 0.000000000 0.037305956 0.060839436 0.143249572 0.038493287 0.039535367 0.008414119 0.278152961 0.056700686 0.055688599 0.011432934 0.027550764 0.063824838 0.040580513 0.058409678 0.015515592 0.066515963 0.059496276 0.186534942 0.171054096 0.009236647 0.009623014 0.031620546 0.056469263 0.066209287 0.059498598 0.061470520 0.068617998 0.065945346 0.061197829 0.015136730 0.172435876 0.052830427 0.046418107 0.051463225 0.051698117 0.065269230 0.013652481 0.040649934 0.035317658 0.034130343 0.342363897 0.043123812 0.097200726 0.057131649 0.027241982 0.037120882 0.039124177 0.196111817 2.127909947 0.026588651 0.027815660 0.186736184 0.083814424 0.074211935 0.048347090 0.040347266 0.074849566 0.323085706 0.029073196 0.166686998 0.204936930 0.315041201 0.318140008 0.182747097 0.155738361 0.164881428 0.076054404 0.029729019 0.028432542 0.056302164 0.074867185 0.072264858 0.075267215 0.087271302 0.064876740 0.042456820 0.060392888 0.127038120 0.170078199 0.044846629 0.099828001 0.076878478 0.079385658 0.075687565 0.077031033 0.323180966 0.050057791 0.315146691 0.162309356 0.077595653 0.047021395 0.165136401 0.077448252 0.219562026 0.077914193 0.211454182 0.077652290 0.028497147 0.029723698 0.069546069 0.072838437 0.079965934 0.078501261 0.328815401 0.078594786 0.281736813 0.163160486 0.157401607 0.160556695 0.115222750 0.285228101 0.074185527 0.038538675 0.070148339 0.079684886 0.079672649 0.075538914 0.076769867 0.077872479 0.048144774 0.046226018 0.065620268 0.030347846 0.040279927 0.037067735 0.032221376 0.065602992 0.010201137 0.010201137 0.055767889 0.080816865 0.052013362 0.073742048 0.082560140 0.107700390 0.076340271 0.144953467 0.076731711 0.074094377 0.074819398 0.075508117 0.072126434 2.123415350 0.035368692 0.148437146 0.191491510 0.307084164 0.309255568 0.082992631 0.051054001 0.464297695 0.171173642 0.074841630 0.022816857 0.022276399 0.073844244 0.021890256 0.022548957 0.025079812 0.064769161 0.085991330 0.069806371 0.070959330 0.072291791 0.051277840 0.038890776 0.023571305 0.038712181 0.023569694 0.042297528 0.044317602 0.037837031 0.037885879 0.244968828 0.258240990 0.108280602 0.026981277 0.077714242 0.043947126 0.038465566 0.022088514 
GCA_000323505.1_ASM32350v1_genomic               0.057682054 0.085385093 0.057324180 0.026472072 0.051615015 0.058074444 0.052908350 0.067174705 0.069387213 0.055496430 0.056062539 0.058674770 0.063106897 0.044748705 0.037305956 0.000000000 0.051421408 0.127577216 0.027717894 0.015667344 0.037325749 0.262280873 0.046100713 0.044548104 0.032763017 0.053438871 0.052442664 0.030179089 0.047185032 0.040029595 0.054955367 0.048170770 0.171477050 0.155592483 0.038874267 0.038570914 0.055496186 0.045281170 0.053962788 0.048158176 0.051386348 0.056999975 0.055140202 0.049860731 0.036636511 0.156816817 0.029710613 0.034768329 0.027536315 0.028563898 0.053851111 0.038422847 0.065756423 0.059700517 0.058546496 0.322235534 0.068866485 0.084936465 0.082826583 0.051586019 0.062157069 0.028337737 0.184203331 2.127360224 0.050877997 0.052138552 0.174260237 0.091832396 0.062625342 0.073255825 0.029543904 0.063253018 0.303432775 0.053455782 0.151366848 0.189305742 0.296577074 0.298597296 0.167019523 0.141422244 0.150348133 0.102302255 0.054161970 0.053466629 0.045775855 0.063268029 0.061999955 0.063601042 0.075353503 0.053513446 0.031561628 0.049638843 0.110667373 0.155412583 0.032679555 0.088001022 0.063686868 0.066157096 0.064047386 0.065359553 0.303338664 0.039003714 0.295653981 0.147805000 0.065926152 0.034738819 0.150573083 0.065803413 0.201758044 0.066199215 0.195260593 0.065973587 0.052896052 0.053508374 0.077688858 0.061289618 0.066735988 0.066778979 0.309854086 0.067412282 0.265002372 0.148671574 0.143093647 0.146153022 0.104130467 0.268407832 0.062603952 0.026518189 0.058665942 0.068044661 0.068034361 0.063923668 0.065140692 0.064711087 0.024683723 0.022844887 0.054226989 0.054798634 0.065007287 0.061411977 0.056739415 0.054212911 0.033465862 0.033465862 0.043969671 0.069093115 0.040910645 0.062137549 0.071411460 0.095758943 0.065333507 0.132444255 0.065109801 0.062528109 0.063227574 0.063898276 0.060600724 2.121647148 0.060008488 0.142228186 0.183815122 0.300467454 0.292425816 0.069897136 0.041044706 0.445941214 0.164384976 0.065084964 0.014159539 0.016521433 0.062218432 0.016095941 0.016099058 0.020974137 0.056572123 0.074212817 0.058256282 0.060842334 0.061287816 0.041458571 0.029240408 0.013116158 0.032695596 0.013289954 0.032046541 0.034625538 0.028310397 0.028346470 0.229440850 0.243625305 0.096386385 0.019345441 0.069005096 0.039151955 0.028926345 0.013939769 
