201
GCA_000168235.2_ASM16823v2_genomic               0.000000000 1.742156888 0.371509365 1.439277568 0.452572329 2.065045638 0.497627828 0.963321737 2.316692305 0.581708028 0.585114566 0.646233731 0.826311724 1.857806698 0.859758056 1.431954166 1.937480200 2.469998606 1.481404032 1.552767857 0.863415549 2.530102262 1.721930370 1.698480749 0.831912008 0.502655894 1.883823022 1.526711634 1.742580446 0.855261950 2.001336456 1.922161423 2.816998224 2.720547935 0.860607219 0.863801046 0.341459145 1.839955048 2.052744752 1.913612897 1.956759271 2.050833006 1.925644919 1.900186112 1.056651298 2.737796637 1.768597785 1.856741611 1.781632028 1.750206743 1.933318087 0.759639748 0.924796228 0.685427260 0.633970472 2.727506240 0.726932830 2.669857391 2.250015160 0.225880189 0.844463793 1.485444763 1.869005629 0.428781944 0.461826154 1.890982098 1.749015228 2.094276347 1.116155594 1.511592061 2.067634449 2.779989625 0.270099937 2.671891714 2.940727290 2.736309238 2.774336079 2.618409000 2.666847081 2.729408808 3.324223334 0.540113324 0.523810256 1.767930869 2.045234553 2.075006530 2.084667804 2.076755452 1.895308301 1.592237456 2.061472237 4.798110935 2.727146786 1.690380694 2.601099678 2.193512260 2.281695415 2.102951833 2.138891315 2.853643991 1.786059481 2.775909251 2.715435762 2.097026679 1.728315202 2.858300817 2.041924349 8.999999973 2.187843528 8.999999967 2.097033085 0.452877940 0.505596868 1.658286469 1.991140839 2.227278633 2.200695282 2.822715044 2.154474790 2.521595720 2.679389888 2.580791643 2.583429432 2.111190295 2.534289701 2.016674760 1.548184597 2.009514275 1.911615300 1.937377323 2.033446585 2.116081139 2.140882030 1.716825944 1.711203909 1.925388189 0.524108402 0.797628379 0.688562315 0.612663775 1.924836065 0.740742736 0.740742736 1.872646778 2.081228434 1.832523653 2.043596191 2.103731901 2.104335087 2.110176395 2.030994247 2.043796372 2.041140052 2.053402655 2.042578734 2.023508463 0.715303480 2.456860695 2.326663925 2.511777399 2.656832111 2.116746838 1.672782523 2.561043561 2.523003219 2.093044148 1.149063022 1.126647167 1.992981458 1.118157168 1.109998054 1.228355017 1.940955287 1.939039225 1.944201589 2.235802975 1.913055475 1.847079327 1.964989387 1.960360063 1.987006206 1.723450879 1.535767970 1.137566385 1.463514526 1.373450053 1.112568627 1.561441380 1.388401367 1.593070188 1.470536722 1.508254110 1.472456928 2.534339251 2.550445383 2.230768070 1.299825203 2.422222011 1.770191355 1.475340558 1.125738164 
GCA_000169615.1_ASM16961v1_genomic               1.742156888 0.000000000 1.684596309 1.613361019 1.639233168 1.993811505 1.662266730 1.767011146 2.136625646 1.703239232 1.683883226 1.727998523 1.785520443 1.862674124 1.568579847 1.609294391 1.910289057 2.316240235 1.636965459 1.684254302 1.559842334 2.447290083 1.789375068 1.761342858 1.476168408 1.673250430 1.854580814 1.652054925 1.788890428 1.584361655 1.929120417 1.901931559 2.596389249 2.511202770 1.566812825 1.595216024 1.715865239 1.837869599 1.950341703 1.870376163 1.901771750 1.952127234 1.882310631 1.864073550 1.583546423 2.527609775 1.807487938 1.864185212 1.802411944 1.796754265 1.888354667 1.540345139 1.783681980 1.724494943 1.678475139 2.571470238 1.972266562 2.287140694 2.129480915 1.657037842 1.811999983 1.639513953 1.869769268 1.630841663 1.633474488 1.888021975 1.601044128 1.995235265 1.798244648 1.654433456 1.977838383 2.604459193 1.659036860 2.481789040 2.689793656 2.561689903 2.599071548 2.463185563 2.447391840 2.514501242 2.333065291 1.688651569 1.656771993 1.806169900 1.963964690 1.981186059 2.001191717 1.993084080 1.887025162 1.689369319 1.970247949 3.228994236 2.498337385 1.764899780 2.309743130 2.056946506 2.116469888 2.014814251 2.027674199 2.645086194 1.819884297 2.591227107 2.503011806 1.999038319 1.786290191 2.552513518 1.953216781 6.075856896 2.053633251 4.645811736 1.999041865 1.641522585 1.671841324 0.118811691 1.927910670 2.083950087 2.065705942 2.631178818 2.028663482 2.410587863 2.461634039 2.391921103 2.396757070 2.039016636 2.421159846 1.945190760 1.682590446 1.937788626 1.910932709 1.910711245 1.956676810 2.008745496 2.027450410 1.776967512 1.776489085 1.882707851 1.643799390 1.670844194 1.673587747 1.678765981 1.882344338 1.498449263 1.498449263 1.871694642 1.992951967 1.848115587 1.964476579 2.020484604 2.024712947 2.005211891 1.987274833 1.952460838 1.961918883 1.969073332 1.962777474 1.947949490 1.737589074 2.291840878 2.271663571 2.379545021 2.528922501 2.036959798 1.773180669 2.451685934 2.371069375 2.015084927 1.459115904 1.448238756 1.952915686 1.477895481 1.457585922 1.516469338 1.925159784 1.917313321 1.782622931 2.127588521 1.907245313 1.941619497 1.937833930 2.014042321 1.969012879 1.781446115 1.660528453 1.459216020 1.685146713 1.576129298 1.478973941 1.689276074 1.579362897 1.691007040 1.631947493 1.652817985 1.634624900 2.403105292 2.438313169 2.134313577 1.551404487 2.185527661 1.780756115 1.634818795 1.487624871 
GCA_000169635.1_ASM16963v1_genomic               0.371509365 1.684596309 0.000000000 1.349181333 0.418273080 1.960771439 0.458492775 0.894571908 2.212002616 0.533308948 0.537758519 0.607491011 0.764689018 1.754933006 0.787061285 1.343054104 1.834256467 2.398756628 1.389639027 1.454962457 0.791420603 2.494196563 1.636885482 1.614747612 0.758596953 0.478409963 1.797783382 1.432231924 1.657932861 0.774550255 1.905317595 1.818750265 2.773414758 2.662795454 0.786654641 0.813954414 0.316182736 1.742749554 1.950866480 1.814027113 1.857037724 1.955878744 1.839378733 1.806363499 0.953954954 2.679407467 1.674375870 1.738603224 1.682709903 1.654589531 1.845744680 0.695833726 0.832997932 0.647665065 0.596695561 2.684740041 0.647087366 2.544316126 2.028089526 0.210591536 0.758123849 1.394860994 1.840988103 0.396996051 0.427224863 1.860667540 1.679528643 2.001515938 1.029823205 1.420416654 1.978378060 2.732895628 0.251423764 2.608726864 2.879762353 2.690048545 2.727119665 2.580610425 2.584812329 2.667824279 2.793713668 0.496217247 0.482935669 1.678238893 1.958211125 1.983320214 2.012710528 1.999823595 1.802511338 1.497386990 1.951903159 4.909570581 2.646356529 1.586440662 2.490450931 2.095831618 2.180583136 2.010985472 2.045820957 2.803464860 1.684998173 2.727973356 2.653666603 2.009111778 1.625229528 2.790993464 1.958518871 8.999999969 2.090742362 8.999999975 2.009117030 0.433940502 0.492197001 1.600665428 1.905856453 2.131047073 2.104645708 2.774377482 2.058848266 2.479581406 2.599410822 2.505467812 2.509525744 2.049830821 2.492041412 1.931026350 1.448586644 1.919329906 1.854054358 1.878908348 1.947820835 2.023790527 2.050593624 1.620534203 1.607945070 1.839173566 0.483203618 0.735034792 0.647377564 0.562152688 1.838642918 0.681150684 0.681150684 1.768520959 1.997681062 1.729746732 1.954565684 2.019416785 2.030736942 2.018534738 1.987338341 1.959391675 1.955321621 1.965702578 1.956643761 1.934563355 0.652097347 2.374643046 2.271240516 2.448842480 2.611644361 2.030537089 1.614279176 2.525940148 2.462739586 1.997468135 1.060499751 1.040536631 1.905273572 1.029737472 1.008167792 1.019965997 1.871938805 1.857924821 1.846848093 2.148664259 1.855120705 1.869176393 1.848539632 1.962674579 1.893857490 1.626253734 1.436099785 1.053129379 1.296954895 1.274193420 1.024820467 1.463825919 1.315228478 1.490762469 1.376732534 1.414677039 1.378515311 2.502598820 2.507380136 2.157953218 1.170840468 2.291375966 1.563093596 1.382606445 1.041191919 
GCA_000169675.1_ASM16967v1_genomic               1.439277568 1.613361019 1.349181333 0.000000000 1.232433760 1.711423078 1.283663913 1.529021527 2.196476979 1.358939708 1.336357356 1.412558199 1.543881901 1.281851271 0.969939916 0.624873251 1.464551815 2.386040551 0.541027117 0.719782172 0.957108888 2.500863866 1.204471309 1.135403642 0.801368372 1.297823378 1.468275298 0.589566524 1.213675153 0.981235357 1.583964041 1.406348989 2.935670376 2.770200647 0.996772305 1.022858467 1.375888905 1.294272681 1.643995746 1.417298688 1.510967585 1.687836944 1.544762689 1.431027290 0.983621506 2.796209982 1.159034580 1.123574817 1.150966539 1.134929859 1.544737468 0.959693651 1.553959034 1.418184635 1.359090640 2.740437526 1.869593327 2.799026692 2.222756653 1.258153363 1.573706755 0.557197944 1.774871190 1.218482314 1.235159458 1.792727558 1.630501586 1.818609939 1.616199794 0.593911585 1.787301465 2.805888168 1.279682040 2.687311432 3.094113461 2.741629852 2.799118299 2.638561286 2.657351890 2.788667394 2.559389176 1.328237104 1.285483426 1.216720609 1.758228697 1.787949727 1.841778097 1.862979737 1.446526175 0.679815546 1.260346997 8.999999957 2.745905807 0.932073124 2.738907911 1.983696316 2.138826769 1.871001336 1.900645742 2.886028359 0.742004223 2.790225286 2.767928315 1.847616527 1.006905864 2.996792751 1.772060010 8.999999959 1.975413115 8.999999954 1.847622571 1.248820398 1.330355668 1.514887637 1.669248819 2.051956583 2.003378308 2.847223172 1.921359813 2.504486627 2.676151529 2.533350983 2.538534312 1.970211394 2.520080489 1.714016157 0.717354999 1.672854572 1.405423907 1.443507095 1.744701028 1.862029971 1.916210825 1.049968324 0.969957236 1.539842984 1.285418576 1.394978789 1.394530586 1.354913887 1.538967529 0.841200554 0.841200554 1.303226503 1.840573120 0.812875027 1.744048738 1.904440702 1.953750991 1.852609905 1.920529054 1.770078423 1.757428488 1.769665772 1.759396810 1.707025391 1.438543632 2.302716871 2.286407155 2.464228894 2.640736289 1.655191198 0.800199487 2.518063559 2.466180160 1.799079291 0.284730593 0.339076472 1.382851132 0.400893628 0.331660641 0.394570928 1.309326711 1.339391161 1.198520680 1.892438698 1.290966436 1.441732026 1.314271868 1.399948012 1.669330239 1.101389246 0.729535593 0.260273122 0.827045479 0.495423292 0.301064026 0.815869275 0.573876444 0.882594775 0.682170408 0.742357635 0.683681932 2.485543076 2.522795156 2.107824882 0.372198913 2.197098080 1.157392279 0.698555334 0.312449567 
GCA_000181455.2_ASM18145v2_genomic               0.452572329 1.639233168 0.418273080 1.232433760 0.000000000 1.910484811 0.314231452 0.730242499 2.184011349 0.201267064 0.211427402 0.463460104 0.586818209 1.680739140 0.625945539 1.225913828 1.769840259 2.405579351 1.276610077 1.343694674 0.631749024 2.488946686 1.561731590 1.538142174 0.591960273 0.326935492 1.739611650 1.321494237 1.585860252 0.577501934 1.851703145 1.752357917 2.782715336 2.667072911 0.660144706 0.651359976 0.390921773 1.671111913 1.898330863 1.748319863 1.796072713 1.907730450 1.784933941 1.743740022 0.771590854 2.684478418 1.596330293 1.649816619 1.601709244 1.572912182 1.791273040 0.539651593 0.664775004 0.480880506 0.437465585 2.687487991 0.960467751 2.542377917 1.963867231 0.279280790 0.355308283 1.283872926 1.824030128 0.104441183 0.129094153 1.842994128 1.646541377 1.958949197 0.838561943 1.312497906 1.935404958 2.737110004 0.321560169 2.610491342 2.893798212 2.693153020 2.731205075 2.581059214 2.585528799 2.672631805 2.805038128 0.173182633 0.169838694 1.604408317 1.914562862 1.939597512 1.971486271 1.964580242 1.741195600 1.395553655 1.895744891 5.440856521 2.649888622 1.488352856 2.484505676 2.059726016 2.150830971 1.969642323 2.007115272 2.809722327 1.602548372 2.732142010 2.657811525 1.969449107 1.533153463 2.802419400 1.916772294 8.999999972 2.054420427 8.999999965 1.969454276 0.294307438 0.343855267 1.549978613 1.858419479 2.098578295 2.069943865 2.779714753 2.020218859 2.477264043 2.600786092 2.502518290 2.506819234 2.024824639 2.490043249 1.885692925 1.334886965 1.870418361 1.809021697 1.835219302 1.903990748 1.983475839 2.013465180 1.533973862 1.513282847 1.784941378 0.339135345 0.569167221 0.506396002 0.408885312 1.784373715 0.527994903 0.527994903 1.695239762 1.959143826 1.651480205 1.909558367 1.982299975 2.012990872 1.978030561 1.967119142 1.917206570 1.912041206 1.922386525 1.913419172 1.887763232 0.293101663 2.391911927 2.291190824 2.471384704 2.616658847 1.993501324 1.527552768 2.533728029 2.425225482 1.953170858 0.899634473 0.880625476 1.856460930 0.872105367 0.863283918 0.793146054 1.809596831 1.808668596 1.800558240 2.121320243 1.800030058 1.780812135 1.844917890 1.856037423 1.840708390 1.539664356 1.319932365 0.898377491 1.234082046 1.132614803 0.909116973 1.354872333 1.144059129 1.389777761 1.259338575 1.302958850 1.261207067 2.480831293 2.505563401 2.135217578 1.008337349 2.264719366 1.519750706 1.250824577 0.883090694 
GCA_000182485.1_ASM18248v1_genomic               2.065045638 1.993811505 1.960771439 1.711423078 1.910484811 0.000000000 1.940474796 2.049632144 3.321826781 2.005779781 1.968118356 2.040418638 2.128942506 0.614809383 1.875532838 1.700038281 1.452117925 2.832035658 1.769054044 1.891240316 1.843167134 2.683593374 1.076650801 0.986294396 1.722097326 1.999331561 2.078257860 1.839783982 1.109051031 1.919978173 2.434965272 1.368615736 3.266999569 3.123753228 1.914514445 1.861729517 2.034150512 0.653558306 2.664093033 2.246737880 2.331573106 2.562049323 2.164647688 2.177562943 1.909862379 3.149432602 2.127820676 2.307196198 2.172108391 2.106664723 2.200617170 1.829859134 2.161514089 2.049897160 1.995035946 2.901446900 2.450689733 2.691354329 2.701076744 1.947202438 2.201368707 1.769305049 1.799354833 1.896974061 1.893876381 1.820912863 1.990353903 2.591777165 2.091582623 1.803035314 2.492149435 2.976573432 1.938252224 3.045449259 3.405087412 2.927089838 2.971199039 2.969685867 3.046082603 3.170894373 2.980046615 1.985222189 1.924502870 1.086708244 2.422906575 2.537365156 2.601862756 2.388033838 0.165228497 1.921042501 2.554832347 8.999999965 3.104313586 2.095712521 4.567542233 2.775573561 3.131276333 2.685168328 2.686565297 3.068675194 2.191944499 2.976462645 3.156655403 2.535356882 2.134652118 3.378099901 2.381759587 8.999999961 2.857530670 8.999999957 2.535383072 1.908166810 1.998223638 1.917229484 2.301821832 2.915676816 2.860209012 3.027304151 2.827509329 2.693271939 3.047459147 2.913465439 2.908147503 2.270477104 2.707603310 2.353909868 1.892460723 2.384550936 2.207283304 2.242782950 2.386430813 2.631090175 2.646082852 2.077230503 2.113879323 2.174405351 1.923977372 1.917748534 1.963820886 1.973398309 2.173125041 1.757549254 1.757549254 0.539507636 2.456150198 2.260834223 2.441163902 2.549873689 2.336953942 2.639616329 2.127338467 2.394689522 2.402688734 2.446940255 2.406638638 2.400266536 2.045473841 2.597269422 2.511694541 2.586002058 2.829054947 2.495938334 2.007764856 2.619804440 2.742687341 2.476146000 1.342820177 1.444718125 2.349579509 1.398030446 1.423898071 1.597904078 2.374752260 2.258128730 2.120467628 2.646297260 2.264090189 2.110521256 2.324715302 2.135331254 2.413231148 2.039710193 1.879227518 1.329104043 1.881186319 1.690334736 1.286278002 1.891184097 1.614428782 1.968474680 1.768012743 1.811510883 1.770853004 2.735734367 2.740980672 2.530788051 1.471590718 2.955553918 1.829261063 1.768174249 1.407014176 
GCA_000182505.1_ASM18250v1_genomic               0.497627828 1.662266730 0.458492775 1.283663913 0.314231452 1.940474796 0.000000000 0.781208697 2.206544091 0.419792335 0.426935141 0.506945271 0.637650461 1.719348861 0.657041926 1.277227651 1.805575743 2.416820869 1.326926225 1.381627759 0.646499125 2.494253775 1.598535432 1.575277888 0.640128755 0.365306920 1.770537866 1.371570022 1.621482308 0.605604043 1.882321482 1.788191963 2.788183344 2.674121051 0.709878678 0.699865801 0.430965290 1.708118390 1.929426046 1.783672160 1.829769468 1.936313664 1.814715071 1.777245297 0.829218191 2.691333103 1.633141325 1.694190606 1.637991734 1.610802699 1.821103602 0.602115303 0.720311850 0.526388505 0.480095817 2.698857540 1.043163779 2.556537315 1.981470075 0.313710625 0.624462505 1.333366313 1.833182705 0.295268725 0.324228439 1.852662637 1.667270357 1.985221533 0.918464464 1.348000247 1.961377558 2.749509515 0.357530679 2.618194545 2.897760143 2.705445315 2.743653088 2.588547881 2.608046025 2.680061513 2.885823234 0.385103872 0.375715368 1.641283197 1.940491873 1.966145465 1.997193424 1.986253312 1.773911520 1.442734922 1.929051399 5.291943082 2.671739263 1.535487587 2.499742425 2.084316635 2.173568313 1.995381693 2.032051467 2.822746577 1.643960753 2.744778299 2.665510776 1.994085647 1.578159117 2.808298217 1.941563898 8.999999971 2.079008423 8.999999961 1.994090993 0.329235468 0.381702141 1.575033258 1.885472707 2.121682909 2.093825335 2.792332303 2.045455021 2.488991223 2.622652147 2.523567532 2.527445372 2.040941486 2.501799050 1.912040742 1.386641815 1.898613913 1.833749162 1.859618903 1.929803112 2.008881439 2.037497550 1.576152774 1.559213578 1.814509260 0.375955054 0.628024654 0.506411058 0.449345501 1.813951695 0.571067344 0.571067344 1.733663413 1.982817340 1.691744637 1.936222146 2.005570787 2.030247625 2.003426020 1.979382606 1.942280207 1.937686488 1.948279819 1.939059488 1.915051596 0.532538861 2.391912972 2.337995049 2.483543874 2.617158602 2.016978470 1.569794836 2.534860901 2.467441593 1.959816975 0.963639492 0.943798394 1.884296033 0.929369250 0.919799275 0.901692967 1.843753779 1.835821860 1.799021195 2.123127190 1.829929544 1.823829444 1.876640684 1.965082281 1.850453445 1.581949989 1.372563681 0.959822479 1.252490324 1.193172214 0.961603204 1.404696119 1.206511829 1.438565567 1.311368179 1.353141631 1.313233129 2.502889853 2.511298268 2.136451061 1.021596637 2.262387193 1.497596911 1.318553965 0.945638435 
GCA_000182525.1_ASM18252v1_genomic               0.963321737 1.767011146 0.894571908 1.529021527 0.730242499 2.049632144 0.781208697 0.000000000 2.268877838 0.871800728 0.864599188 0.844310714 1.027506620 1.877326850 1.075801802 1.526999000 1.943002926 2.441569793 1.567267013 1.627042326 1.097202795 2.503682368 1.743437756 1.741060539 1.087625546 0.818184445 1.897661727 1.606014391 1.777792603 1.054261617 1.998795478 1.899732744 2.755374411 2.653025428 1.136787966 1.125011957 0.885416434 1.861656447 2.042873690 1.924583102 1.960949817 2.013356011 1.933612199 1.912631200 1.286889727 2.674871617 1.802192589 1.880239557 1.814429810 1.787392836 1.940313063 1.012796043 1.194582464 0.997765287 0.934825541 2.693417829 1.596152934 2.563329264 2.205890572 0.734703240 1.133288774 1.569661126 1.874224719 0.702693292 0.734583012 1.895335207 1.772373573 2.079059127 1.246111892 1.590765296 2.056391536 2.740619449 0.781198880 2.603111304 2.868289749 2.699201446 2.735074177 2.589670709 2.594720721 2.671604607 2.716144647 0.829290283 0.800677261 1.800464978 2.037130884 2.062503343 2.091577812 2.051144172 1.906940564 1.658409355 2.048960720 4.409645578 2.651483166 1.741872063 2.481237461 2.164153388 2.239799798 2.086709514 2.117750776 2.809009830 1.818711768 2.736010120 2.658555272 2.082242801 1.772156821 2.785163950 2.034538038 8.999999968 2.159375042 8.999999975 2.082248219 0.670195707 0.825243462 1.692145171 1.990272811 2.193982711 2.170847404 2.780769936 2.092078008 2.498723541 2.607984865 2.520569516 2.524065113 2.099217056 2.510827250 2.012372536 1.626041380 2.005987241 1.934652446 1.957538269 2.001272646 2.098058407 2.120064392 1.760119995 1.758332196 1.933386282 0.800924340 1.028596338 0.983384721 0.892532578 1.932909214 0.988271702 0.988271702 1.889642998 2.068966652 1.857476077 2.035540922 2.088617376 2.095226740 2.093038782 2.027654776 2.036093468 2.033662862 2.046902432 2.034907432 2.018138453 0.998086296 2.421920191 2.350720305 2.465674622 2.616169513 2.099717362 1.754706460 2.530495614 2.471731435 2.080905052 1.307806443 1.287974244 1.993980358 1.301515642 1.315093904 1.229065303 1.974655367 1.944905391 1.975104866 2.209185829 1.931076640 1.915986847 1.974094322 2.051621304 1.988974275 1.766104442 1.616895573 1.299619435 1.563872597 1.492892080 1.296280886 1.615286337 1.516955547 1.660934434 1.560567665 1.590175140 1.562186343 2.500539562 2.517091768 2.208314834 1.388874333 2.332186811 1.777529073 1.563415303 1.285204463 
GCA_000182705.1_ASM18270v1_genomic               2.316692305 2.136625646 2.212002616 2.196476979 2.184011349 3.321826781 2.206544091 2.268877838 0.000000000 2.236988862 2.229079492 2.299588501 2.391716393 2.914627114 2.235937829 2.171595308 2.886305923 3.006094776 2.247901635 2.376482971 2.188015559 2.782827984 2.304857396 2.292062542 2.069242103 2.203539012 1.086977730 2.288027151 2.369919267 2.191438390 1.275135896 3.105143751 3.422893996 3.281799008 2.245400481 2.273597581 2.304261417 2.788724753 1.196045602 0.818365996 1.123508485 1.429846772 1.186925572 1.037446144 2.278131937 3.324901378 2.469086644 2.925783491 2.573274923 2.489277234 1.223983933 2.069813712 2.322836363 2.297069383 2.245026274 2.963572112 2.704468472 5.148560423 2.924710477 2.226085953 2.396687733 2.225924245 1.994684209 2.171089818 2.160843527 2.031670126 2.146192342 0.121535207 2.292080779 2.252532273 0.387639733 3.043233489 2.206135492 3.201178919 3.559593679 3.008987999 3.038251400 3.112374181 3.212918102 3.342004551 3.238839627 2.252522824 2.184531855 2.505295521 0.385693563 0.354467594 0.398340277 0.728434770 2.743347546 2.364219664 2.949355492 8.999999962 3.262956816 2.570117860 3.247071055 0.762234940 0.274452069 0.177679112 0.206246440 3.152597538 2.606567072 3.059767275 3.329429260 0.481018541 2.582986335 3.560447817 0.466804283 8.999999973 0.780600825 8.999999964 0.481010984 2.177854796 2.270289825 2.078036449 0.551305269 0.316574537 0.293505817 3.109213460 2.006334903 2.782053385 3.208171042 3.071381509 3.062096130 2.033351644 2.796347241 0.362286220 2.390055631 0.266470664 2.455003693 2.490850868 0.397494998 0.439932377 0.496252807 2.482205678 2.567550329 1.225875147 2.183817643 2.136250359 2.199809787 2.226863701 1.224842349 2.096763292 2.096763292 3.093258831 0.338412431 2.672700706 0.348976656 1.392789208 1.239379539 0.467466605 1.573778952 0.448813197 0.402418815 0.398337235 0.402730003 0.313768080 2.296421911 2.740864356 2.617391108 2.730612890 2.918597652 2.763348038 2.395343185 2.677660849 2.986149052 2.785355814 1.973386100 2.056300558 2.641634931 2.017056033 1.960356712 2.682447990 2.784960801 2.534464093 2.601658477 2.902687481 2.490667809 2.445821887 2.683454928 2.552213987 2.743593533 2.463084987 2.361639139 1.954726379 2.200404957 2.222297186 1.912250981 2.340573868 2.216215989 2.376540915 2.235483592 2.260533690 2.238338167 2.848580615 2.840039774 2.728392553 2.232964539 3.350666938 2.630863590 2.224990248 1.992985977 
GCA_000255755.1_ASM25575v1_genomic               0.581708028 1.703239232 0.533308948 1.358939708 0.201267064 2.005779781 0.419792335 0.871800728 2.236988862 0.000000000 0.214437460 0.587645481 0.731268816 1.790447867 0.758618809 1.352386912 1.873572419 2.442882383 1.402076914 1.472446296 0.763582409 2.508036025 1.661396607 1.637884884 0.727365075 0.438308716 1.810220640 1.447743500 1.683199482 0.704480455 1.926470573 1.857405918 2.821530871 2.698881104 0.774276302 0.786737321 0.506292129 1.775762996 1.973684286 1.829299051 1.874559398 1.977263785 1.853732890 1.820362397 0.932604572 2.716267437 1.703118571 1.778938951 1.713470640 1.682843573 1.860608016 0.668575374 0.802399837 0.592686080 0.559329435 2.703916985 1.198459828 2.621150869 2.460828087 0.379705916 0.435572802 1.407467407 1.851952020 0.157404164 0.183711854 1.872867336 1.710506486 2.027432212 0.988125916 1.434610441 2.002051633 2.754610079 0.425751610 2.642540284 2.922672631 2.710919363 2.748829048 2.611037092 2.619751598 2.706458260 3.154247674 0.233075541 0.200500578 1.705920294 1.980210005 2.007928485 2.039037295 2.021145555 1.836527371 1.516831016 2.000702369 5.705753916 2.681997746 1.613174988 2.539074072 2.128499249 2.219115077 2.037195020 2.074250775 2.827386753 1.716552563 2.750021446 2.692082122 2.034064666 1.654032377 2.836403645 1.979595266 8.999999973 2.122925163 8.999999969 2.034070527 0.395800947 0.453423389 1.617288493 1.926366527 2.165095823 2.132603482 2.797113864 2.084761928 2.496281758 2.633767323 2.535975554 2.539539857 2.066068221 2.508979489 1.951226963 1.465901933 1.939964442 1.884438237 1.910914526 1.968908559 2.050784635 2.078410502 1.646941315 1.635551843 1.853325533 0.445452650 0.706181394 0.549982553 0.524848043 1.852952938 0.649192257 0.649192257 1.805112894 2.020772726 1.764286908 1.976882712 2.040816227 2.059439846 2.045054783 1.997696947 1.980771435 1.976856587 1.988275543 1.978278407 1.955756603 0.363687642 2.426939909 2.304989822 2.499425424 2.631187292 2.052841423 1.640572911 2.548493182 2.444391210 2.045286217 1.050403797 1.029206056 1.942253894 1.015670988 0.994106232 1.052343919 1.912312189 1.890301755 1.924550521 2.195310233 1.889089923 1.906780052 1.938291704 1.983850878 1.932623577 1.653465443 1.452713599 1.042965636 1.364840560 1.270679116 1.039187496 1.481717681 1.323189605 1.515047714 1.388640169 1.428915671 1.390552681 2.483246535 2.526463875 2.196665701 1.168698904 2.368329755 1.545660732 1.382111465 1.030053672 
GCA_000255895.1_ASM25589v1_genomic               0.585114566 1.683883226 0.537758519 1.336357356 0.211427402 1.968118356 0.426935141 0.864599188 2.229079492 0.214437460 0.000000000 0.590720331 0.729346113 1.753774114 0.755915733 1.330079839 1.835788152 2.429545417 1.377986625 1.444837074 0.760732016 2.497409975 1.633215459 1.610532246 0.725829127 0.445343740 1.798218633 1.399572420 1.654854052 0.667292711 1.908602383 1.819853514 2.797533400 2.676987693 0.770955714 0.782963102 0.511586418 1.741132936 1.955580420 1.814980702 1.859166444 1.962702311 1.840810718 1.807062649 0.921647648 2.693960432 1.671449555 1.737206721 1.658104203 1.651040335 1.847350468 0.669210742 0.797331953 0.595702749 0.563232610 2.692410009 1.163396533 2.574172837 2.203888864 0.387521388 0.443152023 1.383514386 1.841463770 0.167729011 0.193814843 1.861341420 1.691332310 2.009772111 0.975833970 1.409870166 1.985542050 2.741638859 0.432641429 2.621845090 2.897388737 2.698372322 2.735849745 2.598364392 2.598264414 2.683019281 2.884669354 0.243078353 0.210619181 1.675551798 1.964523639 1.990851190 2.021290022 2.006623698 1.803349500 1.488977270 1.956962052 5.304771208 2.660316214 1.580367044 2.474316753 2.107888727 2.196026236 2.019498379 2.055632422 2.813230506 1.682190734 2.736839677 2.668721621 2.017195866 1.620471244 2.809313054 1.964578453 8.999999971 2.102548747 8.999999962 2.017201397 0.403269316 0.459924619 1.599138703 1.910294985 2.144113844 2.112556360 2.783609516 2.034171668 2.485847251 2.612699884 2.516935709 2.520827705 2.054051439 2.498424971 1.936332633 1.438106776 1.924500904 1.855579528 1.880958219 1.953687041 2.032769703 2.060273423 1.615936890 1.602613764 1.840599981 0.451944545 0.705401736 0.631352705 0.529591300 1.840056454 0.650224280 0.650224280 1.767960727 2.004997917 1.728260765 1.960897314 2.024743394 2.046719259 2.027273873 1.989761080 1.965552071 1.961451165 1.972315865 1.962825505 1.940196608 0.372105216 2.390716535 2.305188206 2.477696692 2.619286071 2.036214308 1.609728534 2.534403882 2.441019999 2.002980316 1.036323429 1.016487376 1.908276125 1.015822484 0.982414669 0.965680503 1.874568889 1.859683271 1.835309370 2.157419212 1.855975814 1.873777448 1.901606783 1.965694787 1.896671283 1.621788866 1.425119139 1.030184201 1.338000099 1.248068609 1.025129630 1.454084038 1.299984025 1.481763691 1.364381243 1.403541776 1.366209033 2.510791991 2.514603402 2.164953923 1.149178223 2.307556951 1.584821098 1.357758270 1.005167068 
GCA_000268625.1_ASM26862v1_genomic               0.646233731 1.727998523 0.607491011 1.412558199 0.463460104 2.040418638 0.506945271 0.844310714 2.299588501 0.587645481 0.590720331 0.000000000 0.135984955 1.832232282 0.836367057 1.406030464 1.913459613 2.464941539 1.454613344 1.524845302 0.838946114 2.535431284 1.698299458 1.675767900 0.809238860 0.512556247 1.863494931 1.503972157 1.719397179 0.787705700 1.980474690 1.897018147 2.843172389 2.737272919 0.861419328 0.865567648 0.582135154 1.815482028 2.032023225 1.889291740 1.933987177 2.031335418 1.904907444 1.877867906 1.021268489 2.754638504 1.744223261 1.828626217 1.755901747 1.724682394 1.913406811 0.722077811 0.901572760 0.711133049 0.655096655 2.723964577 1.275881463 2.646334354 2.245328531 0.447509340 0.629081075 1.459144058 1.862846563 0.440415596 0.472190161 1.884086969 1.732704133 2.075688548 0.984364384 1.485316050 2.049383154 2.776837272 0.495122922 2.680006092 2.953066906 2.723667008 2.771094458 2.645507272 2.659218522 2.739085746 2.587772787 0.547812251 0.498993773 1.744917410 2.030115506 2.056347963 2.086482953 2.064113179 1.872547791 1.566087705 2.038502391 5.812239532 2.704691852 1.660733379 2.588458232 2.180614519 2.264602420 2.084667354 2.120648653 2.851377443 1.760667355 2.772639111 2.724465341 2.079568503 1.700172916 2.870873700 2.030274473 8.999999975 2.169886547 8.999999973 2.079574764 0.379828279 0.543411094 1.643095522 1.972726973 2.210146715 2.183158017 2.810807372 2.136264438 2.508605648 2.672123585 2.572745565 2.581937463 2.101794982 2.521325261 2.001078802 1.519800241 1.990192866 1.912253234 1.938871344 2.018282481 2.097927981 2.123530128 1.690332238 1.682463645 1.905780720 0.532180374 0.793889827 0.699385593 0.617102029 1.905226002 0.707282121 0.707282121 1.846820518 2.064383150 1.807415180 2.024196736 2.087046119 2.092049321 2.095737643 2.026338289 2.032065312 2.023245377 2.035273955 2.027591820 2.004670035 0.715017999 2.454474643 2.356752182 2.498254203 2.652523095 2.099856026 1.686271808 2.555340408 2.537656148 2.030378377 1.120553171 1.099136920 1.973972300 1.089177439 1.115974441 1.102354245 1.949460346 1.920878880 1.905680811 2.220708634 1.923530480 1.935643286 1.972069300 2.076041841 1.945290723 1.698237459 1.507553564 1.099305383 1.431998752 1.343672367 1.137027727 1.533803696 1.382341312 1.565701552 1.442991727 1.481289914 1.444891031 2.536890876 2.549332175 2.170202670 1.212728185 2.364066539 1.618893156 1.448181975 1.087031327 
GCA_000268865.1_ASM26886v1_genomic               0.826311724 1.785520443 0.764689018 1.543881901 0.586818209 2.128942506 0.637650461 1.027506620 2.391716393 0.731268816 0.729346113 0.135984955 0.000000000 1.930071786 1.007302456 1.537081800 2.006299555 2.550808608 1.585395072 1.659909045 1.006532343 2.568997778 1.787630865 1.784786279 0.986672513 0.650032193 1.946635093 1.631939796 1.807044324 0.982650159 2.074760065 1.967759956 2.910531680 2.804772147 1.037148114 1.038092183 0.745013418 1.908691805 2.126961552 1.986334232 2.029430739 2.119790606 1.987616054 1.968996351 1.193664352 2.822819499 1.862473938 1.974824630 1.879329110 1.845552958 1.997058091 0.888304857 1.121326259 0.871984627 0.804374295 2.751095247 1.661709887 2.728603553 2.599141300 0.588721460 0.769751556 1.587983595 1.887917885 0.559773628 0.594184459 1.911674798 1.804082892 2.160787496 1.138079247 1.613042567 2.131625121 2.806550763 0.640139510 2.746126755 3.021089467 2.752908869 2.800913970 2.706384146 2.704524705 2.810472101 3.811414469 0.685824557 0.626881136 1.835332088 2.111684133 2.140804840 2.170647876 2.131413867 1.958628162 1.694144212 2.160691137 6.888874667 2.779612308 1.797302449 2.669597464 2.269759706 2.353915507 2.168793859 2.205414172 2.882747945 1.885339382 2.802929085 2.796764526 2.160004655 1.832967074 2.947497831 2.109291038 8.999999954 2.257266603 8.999999976 2.160011903 0.493108100 0.680889056 1.716321248 2.052811650 2.295888371 2.269243346 2.840963573 2.217223257 2.551995279 2.731871672 2.616288569 2.632958732 2.154165088 2.564895071 2.081891168 1.657422414 2.074620971 1.995761558 2.022559100 2.098715694 2.182147363 2.205235139 1.814224061 1.816485194 1.988165039 0.662518511 0.932605902 0.843247185 0.759596691 1.987602421 0.839620625 0.839620625 1.945393644 2.140826452 1.931907389 2.106723252 2.163772061 2.150333032 2.180553732 2.053518915 2.112067822 2.102678294 2.116311725 2.108125000 2.087563006 0.874118528 2.519522920 2.417001717 2.535680163 2.690261994 2.192968276 1.807015321 2.580103214 2.595720423 2.134919310 1.278533679 1.255199503 2.072975370 1.224362174 1.276671484 1.288225487 2.070528258 2.014007804 1.964624777 2.312224999 2.026803629 2.023784777 2.083780945 2.114535142 2.072434310 1.821481313 1.646858856 1.252366388 1.558862027 1.497065959 1.298845215 1.667782037 1.529810187 1.697922635 1.577770480 1.612930801 1.579605110 2.576527049 2.585813039 2.293518155 1.357776004 2.535639333 1.812067316 1.580926128 1.242018842 
GCA_000320445.1_ASM32044v1_genomic               1.857806698 1.862674124 1.754933006 1.281851271 1.680739140 0.614809383 1.719348861 1.877326850 2.914627114 1.790447867 1.753774114 1.832232282 1.930071786 0.000000000 1.559723237 1.271783143 0.785606710 2.712052976 1.337242491 1.456672080 1.538830075 2.620720277 0.566913559 0.508621102 1.381900247 1.722200702 1.590902857 1.390752545 0.563054171 1.610281055 1.804255155 0.694717250 3.217198360 3.064409696 1.614824114 1.610882200 1.768182207 0.263208681 1.876546081 1.552152828 1.696850527 1.910699972 1.702541681 1.559296535 1.558354562 3.091120977 1.815948270 2.004679325 1.692343637 1.786662614 1.712326973 1.530788155 1.922001628 1.801197259 1.791645191 2.862727228 2.273788394 2.710749598 2.563358169 1.715009959 1.991698932 1.357381088 1.719681629 1.666141199 1.669611348 1.734562806 1.862933589 2.152651238 1.900884303 1.399641089 2.076440861 2.936326441 1.715826028 2.981960137 3.338280183 2.885483070 2.930595654 2.896803353 2.977810994 3.092750041 2.892818352 1.765783943 1.708328877 0.563102619 2.018285250 2.097649133 2.179175268 2.093285163 0.424650880 1.528353605 2.294509112 8.999999966 3.029023610 1.690536285 3.989951068 2.411119205 2.742430250 2.233795307 2.276104611 3.029316560 1.851068128 2.935250943 3.076929291 2.151807133 1.755749774 3.306225341 2.013023478 8.999999961 2.435027432 8.999999976 2.151825328 1.681900245 1.775459117 1.777753487 1.880780827 2.534565080 2.462028406 2.987974756 2.353541257 2.621320059 2.968348607 2.841104893 2.826280765 2.136516526 2.635928327 1.946486818 1.445959552 1.915758492 2.024272204 2.062227649 1.989504057 2.211616579 2.269326882 1.733860886 1.726469118 1.699866576 1.707942366 1.739508770 1.771994935 1.766025685 1.698491029 1.426658923 1.426658923 0.246649377 2.107243395 1.930241227 2.011644363 2.207650331 2.132828860 2.236193774 2.017374011 2.016777739 2.008863703 2.039090821 2.012412155 1.957742199 1.844600654 2.522314922 2.474459472 2.566530779 2.758794767 2.312594473 1.698098556 2.561433129 2.644677610 2.239536317 0.789790952 0.919367679 2.105636945 0.989807991 0.929852344 1.085672839 2.218357831 2.050154646 2.032017934 2.483182583 2.034065182 1.911248098 2.058914361 2.072851001 2.186131808 1.747873866 1.442569215 0.811764831 1.496215358 1.169502003 0.856396901 1.494886034 1.136067522 1.575769103 1.346163980 1.398485094 1.348636847 2.669662731 2.672264679 2.379791208 1.065695119 2.716288752 1.609106650 1.356136424 0.866953576 
GCA_000323445.1_ASM32344v1_genomic               0.859758056 1.568579847 0.787061285 0.969939916 0.625945539 1.875532838 0.657041926 1.075801802 2.235937829 0.758618809 0.755915733 0.836367057 1.007302456 1.559723237 0.000000000 0.961285489 1.680452704 2.474513660 1.023560114 1.067290693 0.174089345 2.515403712 1.448767865 1.395587204 0.247095234 0.641313481 1.662624627 1.087412218 1.458861911 0.321520380 1.799296358 1.659371647 2.891902999 2.776815455 0.196342851 0.201594216 0.770977608 1.554937860 1.855743079 1.658279970 1.720400476 1.874056799 1.719368612 1.657004278 0.375971069 2.798067239 1.455479465 1.453255577 1.460490295 1.427161215 1.726096801 0.276847695 1.073961509 0.881392261 0.822198363 2.732753267 1.398426855 2.704597244 2.120513836 0.628300807 1.000450339 1.036519435 1.810099721 0.600387678 0.632072340 1.829635570 1.588965700 1.941947904 1.227162409 1.074054958 1.912570754 2.790732562 0.675055600 2.708765179 3.054295916 2.747795498 2.784590058 2.673950860 2.666820036 2.802984532 2.717655017 0.717751090 0.663644041 1.469703513 1.886658552 1.921717105 1.958290141 1.952477523 1.656700107 1.175728822 1.848998950 8.999999970 2.738211588 1.285158634 2.577949318 2.072204165 2.191005374 1.981905861 2.004052713 2.878119823 1.451523342 2.791784389 2.786329259 1.956444829 1.349553106 2.969978431 1.890931316 8.999999968 2.065243492 8.999999966 1.956451193 0.642273180 0.713367022 1.462945343 1.815323527 2.121842071 2.085068947 2.843293124 1.978474066 2.524132574 2.681691192 2.565245687 2.568722462 1.997422594 2.538240186 1.850352889 1.080203689 1.828073313 1.761326860 1.793131403 1.873755869 1.973709719 2.012261559 1.365145161 1.320609552 1.719742081 0.695237332 0.933217554 0.878590901 0.782969590 1.719024032 0.209578905 0.209578905 1.578929331 1.944326852 1.517433167 1.879393547 1.973291003 2.009422747 1.966793121 1.962405450 1.891090996 1.883933226 1.896426678 1.885643172 1.851287959 0.883476509 2.452565490 2.340932524 2.477502806 2.664883362 1.987181276 1.380455074 2.550845364 2.498353005 1.928299021 0.516820825 0.541106566 1.811001200 0.595939439 0.542747411 0.602949638 1.737940572 1.754944534 1.677525305 2.147358596 1.711967521 1.791804411 1.790518246 1.835500879 1.786374515 1.379722507 1.058465533 0.566890129 1.029944882 0.809874930 0.548422702 1.127853541 0.861202352 1.160013747 0.994734388 1.053919300 0.996770669 2.537614381 2.551152389 2.158611566 0.658419944 2.258195818 1.329198536 1.008592378 0.528467363 
GCA_000323505.1_ASM32350v1_genomic               1.431954166 1.609294391 1.343054104 0.624873251 1.225913828 1.700038281 1.277227651 1.526999000 2.171595308 1.352386912 1.330079839 1.406030464 1.537081800 1.271783143 0.961285489 0.000000000 1.454652014 2.503689322 0.673083320 0.339605135 0.962804605 2.542795427 1.196171773 1.127480583 0.792641798 1.306553190 1.466243149 0.749286464 1.205797585 1.028260547 1.610436818 1.405216572 3.002251063 2.844505970 1.027462848 1.014482018 1.362180154 1.285096112 1.668921208 1.415436053 1.506993051 1.712057163 1.540691528 1.429432442 0.974793336 2.870024749 0.759905975 1.041832089 0.722559576 0.724414242 1.540067010 0.951581173 1.566194048 1.428265767 1.374209583 2.773993858 1.860561095 2.775049355 2.212055274 1.251484361 1.569689341 0.689706747 1.772630580 1.212002848 1.228843903 1.790228755 1.611865678 1.807555407 1.612377887 0.728338889 1.777600605 2.841192207 1.273270124 2.764162372 3.153428689 2.788936591 2.834775201 2.719250016 2.741989845 2.869331630 2.545086152 1.321675982 1.279241997 1.208345803 1.749536497 1.777841055 1.830259744 1.853712922 1.437428698 0.823183827 1.642846953 8.999999954 2.821841691 0.866393923 2.672406921 1.864268785 2.009590267 1.858537332 1.887456218 2.920878177 1.131280529 2.826588040 2.850500039 1.836725087 0.938085548 3.073100914 1.763596992 8.999999976 1.959318304 8.999999974 1.836730781 1.242471000 1.300951985 1.510592111 1.662766291 1.934071371 1.986796098 2.893133829 1.903773067 2.542452691 2.756275727 2.617787600 2.620353916 1.960195979 2.557601665 1.706507683 0.659889227 1.665756905 1.624984469 1.661494736 1.736518263 1.849997617 1.811082973 0.627464657 0.543198046 1.536094359 1.279181712 1.389680122 1.383234107 1.348681189 1.535239404 0.832689107 0.832689107 1.260143640 1.830627330 1.209959537 1.735410021 1.892777754 1.961270646 1.841151507 1.915463058 1.761514526 1.748926013 1.760628060 1.750833988 1.699267689 1.432124287 2.365479374 2.309460333 2.489769546 2.674061030 1.882989137 1.116906236 2.508379998 2.506350125 1.789478341 0.273705715 0.328387448 1.653824722 0.382084686 0.335916766 0.467159069 1.623059688 1.597011224 1.399248501 2.084057937 1.552530853 1.602269366 1.614918757 1.626476702 1.656952703 1.092582124 0.719554773 0.264593951 0.815903141 0.484527061 0.274103824 0.782225805 0.542637154 0.846766682 0.672492462 0.732761218 0.673896078 2.551892931 2.564255531 2.086368594 0.432303424 2.191102452 1.130178335 0.688990665 0.301494154 
