201
GCA_000168235.2_ASM16823v2_genomic               0.000000000 1.741632784 0.371471353 1.439210874 0.452523734 2.065071833 0.497560778 0.963324017 2.316564169 0.581674119 0.585097445 0.646303608 0.826508025 1.857792844 0.859802332 1.431817428 1.937432388 2.469655093 1.481298427 1.552653989 0.863368352 2.529478490 1.721793127 1.698397511 0.831875486 0.502624160 1.883607265 1.526616333 1.742514283 0.855223823 2.001218989 1.922100048 2.816578201 2.720116463 0.860495108 0.863777899 0.341456666 1.839840422 2.052615308 1.913537285 1.956701199 2.050671359 1.925442238 1.900078011 1.056652169 2.737370554 1.768365967 1.856751656 1.781413220 1.749968337 1.933079283 0.759602507 0.924800249 0.685357270 0.633921580 2.726846354 0.726881337 2.669259824 2.249580118 0.225857963 0.844661569 1.485331649 1.868437871 0.428755967 0.461800118 1.890453099 1.748535422 2.094154871 1.116331774 1.511491295 2.067478186 2.779322115 0.270076008 2.671438635 2.940363411 2.735732800 2.773624905 2.617999717 2.666386737 2.729082835 3.326456421 0.540066448 0.523768671 1.767864200 2.045055688 2.074865380 2.084472991 2.076542866 1.895188681 1.592063727 2.061124264 4.795740541 2.726755669 1.690378235 2.600608918 2.193299488 2.281381937 2.102773645 2.138737128 2.852955891 1.785873725 2.775304574 2.715097613 2.096877500 1.728178620 2.857902767 2.041776135 8.999999973 2.187724370 8.999999967 2.096883884 0.452828906 0.505602176 1.657765628 1.991027561 2.227032421 2.200486255 2.822080621 2.154256342 2.521019305 2.678971871 2.580398517 2.583002978 2.110809048 2.533720389 2.016525335 1.548028848 2.009388585 1.911566036 1.937302708 2.033304364 2.116019805 2.140568857 1.716589124 1.711004447 1.925147411 0.524066440 0.797584982 0.688546856 0.612615475 1.924595656 0.740705960 0.740705960 1.872662577 2.081055010 1.832368743 2.043476173 2.103469682 2.103941552 2.110049193 2.030525407 2.043656090 2.040957678 2.053284809 2.042392656 2.023382960 0.715270347 2.456366217 2.326163933 2.511288408 2.656384681 2.116541998 1.672681390 2.560458460 2.522564540 2.092888060 1.148926690 1.126517922 1.992917007 1.118005578 1.109881758 1.228193299 1.941084329 1.938917866 1.944061205 2.235793739 1.912956052 1.846962433 1.965033497 1.960209463 1.986910570 1.723406574 1.535675877 1.137429970 1.463429676 1.373387889 1.112437619 1.561475512 1.388333520 1.592953498 1.470447701 1.508167315 1.472367072 2.533901479 2.549971597 2.230349684 1.299701953 2.422015778 1.769933671 1.475243458 1.125579314 
GCA_000169615.1_ASM16961v1_genomic               1.741632784 0.000000000 1.684174578 1.613069543 1.638800874 1.993553189 1.661807777 1.766543184 2.136260929 1.702801171 1.683463853 1.727629625 1.785151729 1.862383515 1.568249443 1.608958547 1.909975216 2.315794035 1.636649054 1.683918038 1.559440883 2.446654137 1.789040535 1.761039559 1.475881541 1.672818311 1.854176349 1.651725371 1.788597159 1.583934253 1.928766591 1.901612775 2.595901286 2.510698807 1.566412163 1.594855520 1.715513258 1.837516922 1.949970292 1.870038320 1.901459566 1.951744285 1.881914312 1.863728600 1.583229721 2.527111178 1.807080380 1.863892851 1.801994402 1.796341058 1.887938355 1.539974335 1.783181060 1.724011101 1.678001262 2.570807593 1.971732312 2.286512000 2.128707385 1.656659994 1.811614610 1.639190505 1.869181193 1.630441918 1.633069514 1.887465900 1.600791007 1.994888582 1.797854465 1.654116750 1.977471553 2.603790753 1.658651372 2.481272460 2.689352795 2.561092857 2.598367009 2.462711269 2.446855126 2.514074147 2.332703146 1.688207814 1.656338759 1.805867787 1.963586406 1.980825148 2.000805831 1.992699778 1.886690059 1.688989743 1.969738091 3.227704368 2.497855088 1.764620374 2.309177079 2.056531767 2.115990261 2.014440820 2.027309700 2.644396737 1.819496397 2.590607440 2.502575208 1.998678601 1.785930445 2.552100372 1.952859482 6.069750632 2.053279833 4.642556281 1.998682132 1.641087164 1.671464963 0.118811726 1.927577632 2.083518937 2.065298809 2.630535708 2.028286382 2.409986007 2.461130761 2.391435663 2.396248843 2.038538096 2.420563988 1.944833756 1.682226752 1.937439335 1.910686800 1.910465507 1.956324840 2.008435720 2.026980047 1.776554976 1.776091355 1.882289544 1.643359499 1.670381370 1.673133289 1.678308319 1.881926301 1.498086185 1.498086185 1.871419997 1.992586093 1.847743895 1.964139845 2.020066146 2.024220677 2.004860674 1.986749061 1.952104116 1.961540016 1.968734034 1.962396193 1.947602596 1.737132550 2.291284624 2.271089472 2.379061739 2.528430731 2.036580213 1.772817663 2.451099767 2.370564640 2.014723503 1.458802149 1.447930225 1.952628773 1.477567282 1.457276861 1.516175494 1.924871573 1.916995598 1.782394183 2.127351050 1.906902854 1.941232228 1.937561026 2.013601052 1.968672399 1.781151613 1.660196555 1.458893057 1.684808059 1.575819969 1.478625106 1.689028106 1.579111987 1.690661484 1.631642809 1.652513872 1.634315570 2.402609481 2.437797166 2.133807611 1.551080785 2.185087619 1.780317373 1.634506554 1.487306114 
GCA_000169635.1_ASM16963v1_genomic               0.371471353 1.684174578 0.000000000 1.349245453 0.418292038 1.960918486 0.458502321 0.894683950 2.212015797 0.533356628 0.537819263 0.607636038 0.764953631 1.755046635 0.787200040 1.343053599 1.834337271 2.398516918 1.389669351 1.454991971 0.791483507 2.493634958 1.636869320 1.614780310 0.758668193 0.478454701 1.797696933 1.432275209 1.657981239 0.774630669 1.905335146 1.818819178 2.773112465 2.662474926 0.786666121 0.814059349 0.316228128 1.742764801 1.950879844 1.814089706 1.857116493 1.955852703 1.839304288 1.806388648 0.954081854 2.679093018 1.674287911 1.738767259 1.682640214 1.654497688 1.845637563 0.695897236 0.833117817 0.647714039 0.596739281 2.684138182 0.647144439 2.543882909 2.028070587 0.210604550 0.758384550 1.394883120 1.840469511 0.397030784 0.427263259 1.860190424 1.679141397 2.001524113 1.030092534 1.420450403 1.978349357 2.732291186 0.251440997 2.608381163 2.879509420 2.689533205 2.726472591 2.580308313 2.584457613 2.667613859 2.795816422 0.496249218 0.482968737 1.678291777 1.958158377 1.983308898 2.012662633 1.999724325 1.802515274 1.497357310 1.951721461 4.907234766 2.646065827 1.586577869 2.490118637 2.095757070 2.180415090 2.010938692 2.045797809 2.802843066 1.684962184 2.727431894 2.653444987 2.009087669 1.625242127 2.790720762 1.958490571 8.999999969 2.090757156 8.999999975 2.009092903 0.433960276 0.492261225 1.600250262 1.905864678 2.130937924 2.104572451 2.773806529 2.058767562 2.479064523 2.599094347 2.505171670 2.509195703 2.049545958 2.491531615 1.931000247 1.448579726 1.919332293 1.854123327 1.878954120 1.947801296 2.023855108 2.050414672 1.620445230 1.607899707 1.839062814 0.483236339 0.735090988 0.647452322 0.562190872 1.838532495 0.681209292 0.681209292 1.768662287 1.997628058 1.729740913 1.954571503 2.019279678 2.030443423 2.018536099 1.986941779 1.959372205 1.955263773 1.965708580 1.956582751 1.934564125 0.652160298 2.374262614 2.270805984 2.448411925 2.611256027 2.030457582 1.614277639 2.525397442 2.462401138 1.997447919 1.060503262 1.040543229 1.905331853 1.029728564 1.008164987 1.019908939 1.872156032 1.857921289 1.846824357 2.148771353 1.855119771 1.869103700 1.848680183 1.962580503 1.893893115 1.626344982 1.436151154 1.053127373 1.297025791 1.274271894 1.024830302 1.463989662 1.315322367 1.490798993 1.376780291 1.414726519 1.378562498 2.502217767 2.506971121 2.157647469 1.170849592 2.291347372 1.562975394 1.382645629 1.041171754 
GCA_000169675.1_ASM16967v1_genomic               1.439210874 1.613069543 1.349245453 0.000000000 1.232490960 1.712464037 1.283682617 1.529000037 2.197456799 1.359013811 1.336438528 1.412748604 1.544126936 1.282612067 0.970143381 0.625018033 1.465322681 2.386154960 0.541149429 0.720006252 0.957215801 2.500377964 1.204932422 1.135870080 0.801537746 1.297892821 1.468725261 0.589706464 1.214205303 0.981336987 1.584686646 1.407161692 2.935663424 2.770169180 0.996838651 1.023047027 1.376115981 1.294869618 1.644771234 1.418060488 1.511775414 1.688513371 1.545253357 1.431715840 0.983859981 2.796190280 1.159420388 1.124333059 1.151378390 1.135273129 1.545210100 0.959815458 1.553941123 1.418168326 1.359088876 2.739898842 1.869629109 2.799174432 2.222352664 1.258309286 1.573997833 0.557324814 1.774440635 1.218584032 1.235245909 1.792354599 1.630225997 1.819380969 1.616281559 0.594063424 1.787965398 2.805352370 1.279812265 2.687236021 3.094171333 2.741199999 2.798529823 2.638519670 2.657286320 2.788837794 2.559789326 1.328297820 1.285531086 1.217282039 1.758824772 1.788670889 1.842450073 1.863408230 1.447145634 0.679971416 1.260601964 8.999999957 2.745921130 0.932551116 2.739287065 1.984405785 2.139417389 1.871719302 1.901378593 2.885468603 0.742128023 2.789764864 2.768085212 1.848281049 1.007322044 2.996889770 1.772657700 8.999999959 1.976273107 8.999999954 1.848287084 1.248863737 1.330496243 1.514603343 1.669908239 2.052588954 2.004069671 2.846724879 1.922062097 2.504064323 2.676130776 2.533348563 2.538473070 1.970224446 2.519667163 1.714632983 0.717541170 1.673557366 1.405951056 1.444021046 1.745332876 1.862896226 1.916648385 1.050280039 0.970279869 1.540296304 1.285467364 1.394935688 1.394549449 1.354943595 1.539420889 0.841303230 0.841303230 1.304046206 1.841139665 0.813065458 1.744759252 1.904917943 1.953795617 1.853331014 1.920309191 1.770700473 1.758002692 1.770365256 1.759968231 1.707719402 1.438582277 2.302551049 2.286100907 2.463903492 2.640462629 1.655657058 0.800384120 2.517575689 2.466063253 1.799690475 0.284760734 0.339124904 1.383432908 0.400956642 0.331697901 0.394592120 1.310037308 1.339840569 1.199027375 1.893274573 1.291450579 1.442125621 1.314915401 1.400380117 1.670008895 1.101902617 0.729759592 0.260295207 0.827317366 0.495532812 0.301098454 0.816233548 0.574040179 0.882919411 0.682365253 0.742591164 0.683877722 2.485298086 2.522512747 2.107871632 0.372242367 2.197795326 1.157685230 0.698754347 0.312488436 
GCA_000181455.2_ASM18145v2_genomic               0.452523734 1.638800874 0.418292038 1.232490960 0.000000000 1.910657937 0.314217850 0.730292298 2.184045817 0.201258593 0.211425626 0.463532189 0.586960759 1.680870231 0.626017705 1.225905349 1.769939335 2.405352436 1.276635162 1.343720809 0.631764769 2.488377973 1.561721973 1.538182979 0.591974350 0.326942472 1.739531464 1.321534868 1.585919030 0.577521644 1.851736157 1.752443858 2.782413465 2.666752039 0.660130500 0.651405342 0.390977105 1.671138090 1.898361098 1.748398598 1.796170130 1.907718054 1.784859349 1.743778465 0.771636496 2.684163903 1.596244850 1.650000377 1.601642975 1.572821800 1.791171916 0.539680781 0.664812623 0.480879062 0.437466603 2.686879207 0.960655109 2.541935453 1.964352982 0.279297115 0.355349885 1.283890475 1.823506520 0.104439923 0.129092895 1.842512520 1.646156365 1.958973718 0.838720163 1.312528772 1.935389618 2.736498005 0.321580553 2.610144148 2.893547588 2.692632437 2.730549302 2.580757541 2.585172059 2.672426466 2.807666247 0.173172466 0.169832220 1.604472184 1.914521496 1.939600984 1.971451213 1.964489395 1.741211662 1.395521916 1.895566268 5.437698580 2.649598970 1.488498772 2.484171468 2.059663935 2.150670002 1.969608414 2.007107162 2.809092196 1.602517791 2.731594492 2.657594469 1.969438984 1.533170936 2.802148574 1.916756536 8.999999972 2.054454096 8.999999965 1.969444137 0.294303083 0.343873840 1.549553029 1.858441752 2.098479494 2.069883125 2.779137016 2.020149993 2.476741915 2.600469451 2.502222799 2.506488331 2.024539147 2.489528388 1.885679278 1.334874381 1.870435099 1.809106187 1.835279915 1.903984325 1.983560803 2.013290726 1.533884959 1.513237825 1.784836252 0.339136738 0.569183000 0.506421601 0.408884188 1.784268922 0.528010858 0.528010858 1.695400590 1.959102348 1.651483399 1.909579303 1.982169735 2.012697949 1.978048092 1.966718557 1.917200266 1.911994183 1.922407672 1.913368945 1.887778427 0.293086837 2.391544135 2.290769330 2.470963612 2.616270050 1.993432629 1.527556057 2.533184327 2.424867111 1.953165772 0.899610136 0.880603353 1.856536905 0.872089430 0.863268594 0.793084133 1.809829676 1.808677606 1.800585838 2.121450566 1.800033331 1.780779871 1.845061047 1.855983671 1.840760617 1.539765792 1.319978453 0.898349897 1.234130855 1.132672463 0.909071135 1.355037495 1.144161597 1.389804605 1.259379364 1.303004496 1.261247416 2.480464033 2.505151658 2.134910525 1.008321994 2.264714345 1.519730454 1.250873170 0.883046406 
GCA_000182485.1_ASM18248v1_genomic               2.065071833 1.993553189 1.960918486 1.712464037 1.910657937 0.000000000 1.940595666 2.049650689 3.324037340 2.005947770 1.968303085 2.040693020 2.129227684 0.615020636 1.876084148 1.700953218 1.453318650 2.832145809 1.770091409 1.892344754 1.843539775 2.683128383 1.077121326 0.986726258 1.722691901 1.999540954 2.079386021 1.840804519 1.109610582 1.920319317 2.436934803 1.369793729 3.266965360 3.123705431 1.914847723 1.862159494 2.034481343 0.653735310 2.666519236 2.249039905 2.333770596 2.563898177 2.165806424 2.179461209 1.910476597 3.149393266 2.128548133 2.308686976 2.172938630 2.107379137 2.201803348 1.830249257 2.161594545 2.049983935 1.995120436 2.900935527 2.450762274 2.692103126 2.700712566 1.947486605 2.201703897 1.770262377 1.798880356 1.897198716 1.894074083 1.820495575 1.990095855 2.593447630 2.091669403 1.804013335 2.493556620 2.976065463 1.938493167 3.045367465 3.405097414 2.926685182 2.970643027 2.969635508 3.046013566 3.171018983 2.980360680 1.985382643 1.924646476 1.087301683 2.424166118 2.538932759 2.603323197 2.388842358 0.165220298 1.921953771 2.555433508 8.999999965 3.104308842 2.097082845 4.568816549 2.777076771 3.132682017 2.686812030 2.688122043 3.068147653 2.192870002 2.976028695 3.156768774 2.536703145 2.135738201 3.378138144 2.382943568 8.999999967 2.859374958 8.999999958 2.536729306 1.908329748 1.998473048 1.916980777 2.303196393 2.917074268 2.861727292 3.026833469 2.829199628 2.692871086 3.047426331 2.913458865 2.908088137 2.270560734 2.707210328 2.355196712 1.893529689 2.386124317 2.207936712 2.243410386 2.387725766 2.632880336 2.647090917 2.078009515 2.114871514 2.175530984 1.924123791 1.917759200 1.963905374 1.973514602 2.174250892 1.758003194 1.758003194 0.539632676 2.457263939 2.261824976 2.442669750 2.550853354 2.337129003 2.641195467 2.127149253 2.395932027 2.403892264 2.448380117 2.407835037 2.401766474 2.045591706 2.597064951 2.511365215 2.585669365 2.828791919 2.496470724 2.008468498 2.619319495 2.742584918 2.476775582 1.343699059 1.445766200 2.350346960 1.398859097 1.424787671 1.598852323 2.375765903 2.258759759 2.121132009 2.647091588 2.264737365 2.110848759 2.325633496 2.135829644 2.413973576 2.040643927 1.880379261 1.330017374 1.882148585 1.691597558 1.287031059 1.892376313 1.615374315 1.969516561 1.769009433 1.812529931 1.771850046 2.735506398 2.740714843 2.530831966 1.472405702 2.956237015 1.829686993 1.769131890 1.408055006 
GCA_000182505.1_ASM18250v1_genomic               0.497560778 1.661807777 0.458502321 1.283682617 0.314217850 1.940595666 0.000000000 0.781243916 2.206527141 0.419787543 0.426942798 0.507014212 0.637797539 1.719428908 0.657103641 1.277180064 1.805646922 2.416562804 1.326910886 1.381627583 0.646499920 2.493670851 1.598483375 1.575276663 0.640128885 0.365304770 1.770415612 1.371568149 1.621498408 0.605593450 1.882306390 1.788226909 2.787852879 2.673771699 0.709844219 0.699898110 0.431017718 1.708096932 1.929405110 1.783700930 1.829816337 1.936254110 1.814606129 1.777236825 0.829249521 2.690989846 1.633018622 1.694331080 1.637895490 1.610674641 1.820959980 0.602132418 0.720337231 0.526373820 0.480084380 2.698236529 1.043362518 2.556051932 1.981341796 0.313720833 0.624595206 1.333343473 1.832646962 0.295268696 0.324229329 1.852167791 1.666863590 1.985199637 0.918643115 1.348006286 1.961317900 2.748884232 0.357544327 2.617819628 2.897480457 2.704911712 2.742983882 2.588220007 2.607666203 2.679824247 2.888271854 0.385090899 0.375707201 1.641302320 1.940407541 1.966103227 1.997113171 1.986125000 1.773881881 1.442659308 1.928821667 5.288986206 2.671427492 1.535584955 2.499363824 2.084207659 2.173361136 1.995302607 2.031997374 2.822102513 1.643881650 2.744217354 2.665261726 1.994031778 1.578127885 2.807994585 1.941506514 8.999999972 2.078993614 8.999999961 1.994037105 0.329221235 0.381713561 1.574580522 1.885451874 2.121538700 2.093718468 2.791741144 2.045339854 2.488456346 2.622313199 2.523250685 2.527093324 2.040628141 2.501271433 1.911984348 1.386585202 1.898585408 1.833795060 1.859640664 1.929753879 2.008919293 2.037281139 1.576018398 1.559120575 1.814362307 0.375946444 0.628025428 0.506436308 0.449332785 1.813805083 0.571069958 0.571069958 1.733772478 1.982734675 1.691697826 1.936198319 2.005400298 2.029925357 2.003397713 1.978962803 1.942231689 1.937597194 1.948256848 1.938966913 1.915022143 0.532534445 2.391545297 2.337535751 2.483108377 2.616752559 2.016867694 1.569752115 2.534306065 2.467074970 1.959746954 0.963584000 0.943746556 1.884326895 0.929339224 0.919732153 0.901638913 1.843932413 1.835789662 1.798999387 2.123196524 1.829888091 1.823695678 1.876745708 1.964962611 1.850440197 1.582004237 1.372566459 0.959764525 1.252523585 1.193193357 0.961527337 1.404818469 1.206537727 1.438547440 1.311368731 1.353145901 1.313233117 2.502485146 2.510869654 2.136101555 1.021576809 2.262298010 1.497517068 1.318546729 0.945562513 
GCA_000182525.1_ASM18252v1_genomic               0.963324017 1.766543184 0.894683950 1.529000037 0.730292298 2.049650689 0.781243916 0.000000000 2.268771839 0.871906561 0.864714545 0.844471007 1.027830196 1.877316830 1.075968766 1.526908543 1.942962348 2.441275978 1.567201971 1.626977393 1.097250328 2.503096870 1.743317939 1.740994902 1.087708182 0.818287206 1.897483599 1.605956653 1.777740167 1.054332336 1.998701995 1.899710436 2.755006245 2.652640054 1.136785727 1.125114931 0.885660646 1.861562259 2.042769879 1.924528103 1.960908556 2.013251762 1.933444410 1.912547678 1.287002105 2.674493988 1.802007751 1.880260498 1.814257693 1.787203743 1.940114386 1.012896162 1.194728445 0.997850265 0.934901085 2.692795716 1.596507354 2.562820918 2.205635237 0.734826949 1.133722614 1.569588703 1.873685808 0.702773899 0.734664868 1.894834923 1.771950790 2.078959707 1.246320450 1.590702351 2.056261837 2.739993180 0.781325300 2.602703497 2.867974570 2.698661414 2.734406626 2.589314125 2.594308530 2.671324368 2.717313654 0.829370635 0.800746474 1.800412216 2.036981421 2.062387139 2.091434881 2.050950479 1.906839585 1.658281733 2.048675976 4.407789050 2.651132147 1.741887816 2.480851158 2.163975060 2.239534885 2.086560979 2.117622574 2.808365897 1.818568227 2.735444265 2.658264267 2.082118364 1.772057905 2.784822850 2.034414258 8.999999969 2.159277087 8.999999975 2.082123764 0.670210498 0.825386806 1.691683067 1.990180737 2.193774623 2.170671688 2.780175718 2.091924035 2.498183501 2.607609647 2.520214882 2.523679942 2.098875977 2.510294037 2.012248740 1.625933894 2.005885226 1.934627497 1.957490627 2.001180746 2.098010336 2.119797955 1.759933966 1.758181466 1.933185530 0.800993657 1.028641345 0.983483974 0.892608291 1.932708786 0.988334267 0.988334267 1.889657204 2.068820262 1.857357450 2.035442898 2.088393468 2.094879537 2.092933995 2.027222241 2.035976813 2.033510051 2.046812854 2.034751435 2.018036042 0.998198961 2.421491279 2.350238277 2.465277060 2.615749564 2.099543935 1.754600334 2.529946691 2.471363389 2.080783890 1.307746863 1.287921677 1.993938616 1.301473211 1.315031873 1.229110028 1.974722959 1.944806268 1.974979908 2.209188732 1.930951325 1.915896600 1.974078790 2.051478141 1.988906883 1.766081687 1.616843167 1.299549862 1.563840461 1.492877938 1.296177773 1.615319710 1.516960120 1.660856399 1.560518769 1.590125618 1.562136645 2.500113242 2.516649813 2.207948783 1.388836526 2.332012325 1.777399696 1.563358519 1.285121641 
GCA_000182705.1_ASM18270v1_genomic               2.316564169 2.136260929 2.212015797 2.197456799 2.184045817 3.324037340 2.206527141 2.268771839 0.000000000 2.236996438 2.229124913 2.299715733 2.391860100 2.917058308 2.236325643 2.172397075 2.888251829 3.006049969 2.248804141 2.377403829 2.188231713 2.782302594 2.306121393 2.293411361 2.069671293 2.203665621 1.087339050 2.288841248 2.371289232 2.191539814 1.275884564 3.107374329 3.422700015 3.281596787 2.245572887 2.273925677 2.304440580 2.790502618 1.196799098 0.818665113 1.124163727 1.430649613 1.187375518 1.037940212 2.278573894 3.324709513 2.469555818 2.927078095 2.573859750 2.489770615 1.224400419 2.069960330 2.322757424 2.297001884 2.244973712 2.963013263 2.704359618 5.148248141 2.924175106 2.226225005 2.396787143 2.226742724 1.994208917 2.171177436 2.160907512 2.031251007 2.145880169 0.121529560 2.292023404 2.253361256 0.387649343 3.042672445 2.206237320 3.200949887 3.559434506 3.008514410 3.037643012 3.112191554 3.212692466 3.341956174 3.238961129 2.252538980 2.184541266 2.506903727 0.385695782 0.354472944 0.398338442 0.728557200 2.744719819 2.364937956 2.949678237 8.999999963 3.262797964 2.571240987 3.247919240 0.762291319 0.274386136 0.177666767 0.206236020 3.151997061 2.607231646 3.059262064 3.329368863 0.481063560 2.583814569 3.560286460 0.466848700 8.999999973 0.780787232 8.999999964 0.481056004 2.177881901 2.270391034 2.077687016 0.551353841 0.316541988 0.293484417 3.108671875 2.007570513 2.781588429 3.207985702 3.071233096 3.061899286 2.033463029 2.795889762 0.362297321 2.390932720 0.266468039 2.455496179 2.491312823 0.397517986 0.439999181 0.496192654 2.482760554 2.568288231 1.226275069 2.183830857 2.136147496 2.199768001 2.226845428 1.225241818 2.097043259 2.097043259 3.096132234 0.338431372 2.673415996 0.348992336 1.393197158 1.239437414 0.467519116 1.573545780 0.448853817 0.402422391 0.398367877 0.402734074 0.313773767 2.296399948 2.740566135 2.616950306 2.730211382 2.918265741 2.763672721 2.395863580 2.677133054 2.985939444 2.785782058 1.974481560 2.057460481 2.642192317 2.017955047 1.961193212 2.683833095 2.785828262 2.534908760 2.602132971 2.903262974 2.491177164 2.445999500 2.684142787 2.552675943 2.744127751 2.463855508 2.362564579 1.955842946 2.201132816 2.223423265 1.913372221 2.341598571 2.217254527 2.377325289 2.236344223 2.261360115 2.239197674 2.848268959 2.839700413 2.728286421 2.233912988 3.351063796 2.631194320 2.225809895 1.994045179 
GCA_000255755.1_ASM25575v1_genomic               0.581674119 1.702801171 0.533356628 1.359013811 0.201258593 2.005947770 0.419787543 0.871906561 2.236996438 0.000000000 0.214426064 0.587774105 0.731516010 1.790581063 0.758746709 1.352391555 1.873669906 2.442634661 1.402115668 1.472486118 0.763634484 2.507457569 1.661387086 1.637927296 0.727422098 0.438335726 1.810120326 1.447797232 1.683258824 0.704544911 1.926490261 1.857490674 2.821210390 2.698539476 0.774274215 0.786832154 0.506393849 1.775789069 1.973688736 1.829355388 1.874633153 1.977226976 1.853645440 1.820379253 0.932727233 2.715931841 1.703033444 1.779131762 1.713405523 1.682754214 1.860485976 0.668642686 0.802506200 0.592714981 0.559356005 2.703299021 1.198903332 2.620693082 2.461637298 0.379741805 0.435631679 1.407497302 1.851425805 0.157399801 0.183707349 1.872383097 1.710112915 2.027441895 0.988369245 1.434653262 2.002021655 2.753987919 0.425794910 2.642173311 2.922398807 2.710388215 2.748163380 2.610716761 2.619374469 2.706229611 3.157099897 0.233059186 0.200489557 1.705985450 1.980154302 2.007917163 2.038986911 2.021040826 1.836540451 1.516807164 2.000517098 5.702096261 2.681687174 1.613333982 2.538711368 2.128420554 2.218935990 2.037145829 2.074226915 2.826745867 1.716523978 2.749463126 2.691841816 2.034039596 1.654056426 2.836107428 1.979565613 8.999999973 2.122941975 8.999999969 2.034045439 0.395806657 0.453468620 1.616856863 1.926385108 2.164980142 2.132517242 2.796525431 2.084667451 2.495749809 2.633430244 2.535660749 2.539190270 2.065766720 2.508454683 1.951199615 1.465902508 1.939967617 1.884526113 1.910977904 1.968888246 2.050854618 2.078220381 1.646855052 1.635513300 1.853199955 0.445469835 0.706226265 0.550046442 0.524869290 1.852827594 0.649237390 0.649237390 1.805276425 2.020716909 1.764291261 1.976889580 2.040663851 2.059133962 2.045057037 1.997285393 1.980751201 1.976795510 1.988282577 1.978213900 1.955758041 0.363668167 2.426547539 2.304575377 2.498995568 2.630785639 2.052749256 1.640580381 2.547943795 2.444007902 2.045283519 1.050404864 1.029209713 1.942323906 1.015690742 0.994098613 1.052343274 1.912541947 1.890305218 1.924587623 2.195429838 1.889087659 1.906710951 1.938429533 1.983716434 1.932670593 1.653573192 1.452777115 1.042960804 1.364931042 1.270777353 1.039174245 1.481902446 1.323296272 1.515085211 1.388697745 1.428975691 1.390609688 2.482880429 2.526040450 2.196349984 1.168709875 2.368308667 1.545724365 1.382178525 1.030029265 
GCA_000255895.1_ASM25589v1_genomic               0.585097445 1.683463853 0.537819263 1.336438528 0.211425626 1.968303085 0.426942798 0.864714545 2.229124913 0.214426064 0.000000000 0.590860868 0.729599358 1.753924211 0.756053474 1.330094911 1.835891981 2.429328270 1.378034058 1.444885436 0.760796856 2.496849034 1.633216157 1.610582658 0.725899501 0.445383855 1.798147686 1.399612666 1.654920748 0.667382107 1.908640112 1.819945153 2.797240903 2.676673577 0.770968910 0.783068915 0.511700756 1.741178630 1.955615213 1.815065437 1.859267889 1.962704907 1.840752138 1.807107666 0.921778223 2.693652528 1.671378216 1.737400020 1.658032917 1.650965168 1.847258648 0.669291069 0.797449780 0.595746593 0.563273412 2.691808978 1.163797256 2.573752312 2.204505439 0.387568809 0.443225075 1.383553353 1.840946762 0.167729944 0.193816419 1.860866364 1.690956097 2.009809433 0.976077481 1.409921365 1.985539981 2.741035235 0.432696753 2.621505409 2.897142584 2.697858702 2.735203091 2.598071752 2.597916033 2.682817803 2.887089954 0.243069626 0.210614670 1.675624148 1.964495979 1.990867929 2.021268801 2.006544935 1.803382013 1.488964877 1.956797181 5.301920389 2.660032560 1.580528343 2.474033042 2.107841261 2.195882019 2.019478297 2.055637139 2.812609273 1.682174030 2.736299655 2.668508827 2.017198103 1.620504556 2.809047997 1.964575044 8.999999971 2.102594009 8.999999962 2.017203616 0.403286683 0.459982690 1.598725965 1.910330117 2.144029851 2.112500644 2.783039643 2.034139145 2.485332151 2.612390144 2.516646676 2.520504027 2.053774150 2.497917014 1.936332233 1.438117904 1.924531509 1.855665103 1.881020334 1.953693414 2.032865417 2.060115564 1.615864618 1.602587366 1.840504199 0.451974183 0.705459165 0.631426173 0.529626291 1.839961003 0.650282372 0.650282372 1.768140171 2.004968902 1.728275586 1.960931063 2.024620189 2.046439260 2.027303675 1.989368501 1.965558118 1.961417882 1.972349356 1.962788958 1.940225119 0.372097480 2.390346128 2.304773602 2.477280567 2.618900715 2.036150360 1.609745845 2.533864476 2.440669495 2.002979031 1.036337586 1.016503878 1.908353806 1.015850149 0.982421129 0.965729472 1.874813778 1.859696297 1.835394656 2.157545794 1.855983942 1.873739941 1.901749901 1.965611401 1.896727009 1.621901873 1.425189922 1.030192296 1.338097431 1.248172746 1.025130990 1.454269901 1.300096227 1.481819886 1.364446597 1.403609424 1.366273855 2.510414887 2.514197518 2.164656536 1.149201802 2.307552843 1.584905665 1.357832635 1.005161699 
GCA_000268625.1_ASM26862v1_genomic               0.646303608 1.727629625 0.607636038 1.412748604 0.463532189 2.040693020 0.507014212 0.844471007 2.299715733 0.587774105 0.590860868 0.000000000 0.135993380 1.832480531 0.836628854 1.406150450 1.913683529 2.464767639 1.454768740 1.525008382 0.839119457 2.534895842 1.698400789 1.675920289 0.809427757 0.512667717 1.863507482 1.504133428 1.719577392 0.787909219 1.980607194 1.897230475 2.842921278 2.737007700 0.861565058 0.865796358 0.582347681 1.815630488 2.032158245 1.889480925 1.934191741 2.031418731 1.904932382 1.878008968 1.021571281 2.754380195 1.744258336 1.828974112 1.755963540 1.724715931 1.913398081 0.722237311 0.901813973 0.711286344 0.655229982 2.723382517 1.276583383 2.645983776 2.245650020 0.447616860 0.629244201 1.459288760 1.862352121 0.440502172 0.472284783 1.883635793 1.732383262 2.075803660 0.984700870 1.485473351 2.049455390 2.776253906 0.495245445 2.679714264 2.952864307 2.723171855 2.770467261 2.645256705 2.658921145 2.738934774 2.590167585 0.547915341 0.499084183 1.745097950 2.030170154 2.056441462 2.086537363 2.064104016 1.872662390 1.566180822 2.038436632 5.808809463 2.704449881 1.661032853 2.588214338 2.180656220 2.264535217 2.084722910 2.120729641 2.850776388 1.760756268 2.772121115 2.724303733 2.079643088 1.700332732 2.870658695 2.030360343 8.999999975 2.170010637 8.999999973 2.079649330 0.379868284 0.543551332 1.642733830 1.972835513 2.210138081 2.183187901 2.810254786 2.136286468 2.508110890 2.671864000 2.572506937 2.581665813 2.101571190 2.520837713 2.001160890 1.519926036 1.990301044 1.912421780 1.939016041 2.018371043 2.098101325 2.123443370 1.690370844 1.682561116 1.905766640 0.532278155 0.794040825 0.699535224 0.617221476 1.905212259 0.707430314 0.707430314 1.847099880 2.064422411 1.807537354 2.024306466 2.086997084 2.091817406 2.095854718 2.025986239 2.032162235 2.023283476 2.035381342 2.027636201 2.004774433 0.715187806 2.454163782 2.356352886 2.497863601 2.652164294 2.099869124 1.686381089 2.554815809 2.537379054 2.030430739 1.120682446 1.099266379 1.974136242 1.089293451 1.116110622 1.102500146 1.949801056 1.920970502 1.905774735 2.220915675 1.923635762 1.935667732 1.972309227 2.076098973 1.945419509 1.698459631 1.507744048 1.099428489 1.432216832 1.343898152 1.137135341 1.534110762 1.382578825 1.565859989 1.443169741 1.481468340 1.445068558 2.536541248 2.548955123 2.169973963 1.212900376 2.364137249 1.618950812 1.448348767 1.087135026 
GCA_000268865.1_ASM26886v1_genomic               0.826508025 1.785151729 0.764953631 1.544126936 0.586960759 2.129227684 0.637797539 1.027830196 2.391860100 0.731516010 0.729599358 0.135993380 0.000000000 1.930336886 1.007713708 1.537251838 2.006521869 2.550650597 1.585601391 1.660125063 1.006821039 2.568461822 1.787744397 1.784961288 0.987007574 0.650246638 1.946665257 1.632163908 1.807214521 0.983019805 2.074927736 1.967948181 2.910281058 2.804508580 1.037409804 1.038459693 0.745393156 1.908840694 2.127119845 1.986550669 2.029662007 2.119892713 1.987657908 1.969161168 1.194107410 2.822562569 1.862543071 1.975231249 1.879428354 1.845622157 1.997065777 0.888582215 1.121822925 0.872281891 0.804627139 2.750528243 1.663139319 2.728246650 2.599657530 0.588924955 0.770091055 1.588177173 1.887420561 0.559932464 0.594355926 1.911222608 1.803770784 2.160920719 1.138597735 1.613248277 2.131713610 2.805983473 0.640365277 2.745837015 3.020885470 2.752430500 2.800302676 2.706135994 2.704218074 2.810324324 3.816028412 0.686029305 0.627054208 1.835514502 2.111754636 2.140915710 2.170718248 2.131407649 1.958752523 1.694281343 2.160651652 6.882956167 2.779377133 1.797659221 2.669349243 2.269817501 2.353860631 2.168865427 2.205511178 2.882163039 1.885466397 2.802427879 2.796605713 2.160094583 1.833173886 2.947282405 2.109392845 8.999999954 2.257407766 8.999999976 2.160101809 0.493195631 0.681146518 1.715968966 2.052937814 2.295893490 2.269288274 2.840427163 2.217249110 2.551503370 2.731610939 2.616041633 2.632683325 2.153941123 2.564410389 2.081990022 1.657600660 2.074747960 1.995941955 2.022715159 2.098820838 2.182339567 2.205160310 1.814300511 1.816628531 1.988167080 0.662703302 0.932854109 0.843506997 0.759825885 1.987604816 0.839844182 0.839844182 1.945690664 2.140879547 1.932067836 2.106850690 2.163734520 2.150105603 2.180688267 2.053157589 2.112181246 2.102731535 2.116436157 2.108184703 2.087685393 0.874439825 2.519211073 2.416605345 2.535287370 2.689903846 2.193000512 1.807175985 2.579578014 2.595443026 2.134994600 1.278741363 1.255407860 2.073165068 1.224527832 1.276889705 1.288451247 2.070925341 2.014122188 1.964695226 2.312451931 2.026934565 2.023825234 2.084066165 2.114554676 2.072610239 1.821747658 1.647107526 1.252565159 1.559116378 1.497369826 1.299028759 1.668149461 1.530117169 1.698130087 1.578004077 1.613161599 1.579838140 2.576176190 2.585435689 2.293287278 1.358000813 2.535772280 1.812216943 1.581146167 1.242196534 
GCA_000320445.1_ASM32044v1_genomic               1.857792844 1.862383515 1.755046635 1.282612067 1.680870231 0.615020636 1.719428908 1.877316830 2.917058308 1.790581063 1.753924211 1.832480531 1.930336886 0.000000000 1.560193555 1.272434836 0.785848204 2.712145996 1.338021515 1.457560103 1.539127405 2.620256448 0.566967249 0.508675165 1.382372928 1.722325278 1.591784788 1.391508627 0.563119932 1.610556305 1.805857148 0.694884298 3.217163886 3.064360388 1.615090504 1.611310835 1.768433617 0.263211360 1.878396840 1.553794681 1.698738377 1.912176346 1.703514889 1.560708837 1.558845513 3.091080948 1.816634955 2.006384358 1.692914996 1.787329157 1.713310642 1.531088048 1.922012169 1.801220135 1.791695870 2.862199291 2.273836641 2.711443717 2.562947271 1.715256081 1.992016268 1.358117993 1.719190080 1.666324629 1.669769485 1.734129807 1.862652405 2.154302915 1.900928867 1.400419033 2.077804668 2.935800698 1.716030755 2.981874475 3.338283171 2.885063557 2.930020310 2.896745057 2.977738007 3.092875588 2.893165747 1.765907322 1.708434749 0.563182829 2.019484765 2.099179149 2.180619882 2.094058151 0.424691307 1.529119697 2.295130793 8.999999968 3.029012343 1.691795089 3.991015942 2.412768487 2.743912159 2.235350311 2.277677389 3.028770287 1.851959585 2.934801142 3.077042910 2.153134237 1.756764575 3.306261569 2.014155272 8.999999962 2.436954344 8.999999976 2.153152426 1.682021405 1.775674367 1.777471249 1.882050893 2.536007700 2.463592944 2.987487471 2.355170724 2.620916991 2.968307325 2.841098080 2.826210877 2.136610759 2.635533432 1.947694005 1.446798027 1.917215810 2.024952221 2.062882913 1.990734938 2.213417236 2.270308701 1.734573015 1.727373803 1.700795373 1.708050538 1.739488619 1.772047904 1.766105715 1.699419358 1.427008234 1.427008234 0.246669078 2.108323444 1.931220784 2.013085770 2.208606559 2.132963480 2.237783177 2.017162339 2.017967538 2.010004283 2.040479681 2.013548665 1.959153928 1.844684865 2.522102067 2.474175938 2.566206448 2.758533519 2.313139752 1.698717086 2.560958192 2.644558095 2.240147337 0.790068667 0.919827289 2.106383844 0.990265829 0.930246031 1.086266104 2.219527833 2.050789140 2.032716133 2.484016331 2.034715564 1.911633276 2.059812333 2.073481967 2.186894734 1.748806947 1.443447718 0.812097923 1.497001693 1.170263627 0.856765777 1.495901259 1.136676104 1.576679726 1.346921114 1.399291600 1.349395607 2.669450096 2.672005514 2.379804702 1.066242565 2.716980273 1.609486260 1.356872642 0.867362824 
GCA_000323445.1_ASM32344v1_genomic               0.859802332 1.568249443 0.787200040 0.970143381 0.626017705 1.876084148 0.657103641 1.075968766 2.236325643 0.758746709 0.756053474 0.836628854 1.007713708 1.560193555 0.000000000 0.961421594 1.680919202 2.474441198 1.023748970 1.067475301 0.174092708 2.514869439 1.449022338 1.395865287 0.247104426 0.641392419 1.662771300 1.087631946 1.459171297 0.321549376 1.799643229 1.659797650 2.891718178 2.776619904 0.196340416 0.201606675 0.771222445 1.555255986 1.856096104 1.658668841 1.720840642 1.874344995 1.719549396 1.657339468 0.375991456 2.797879882 1.455639176 1.453781085 1.460673093 1.427301483 1.726239055 0.276873257 1.074163081 0.881516228 0.822309463 2.732176295 1.398890259 2.704356639 2.120416909 0.628432306 1.000887347 1.036703491 1.809617453 0.600483357 0.632172110 1.829201464 1.588649296 1.942274137 1.227467007 1.074263811 1.912831817 2.790154710 0.675194806 2.708537132 3.054180844 2.747318374 2.783964798 2.673769741 2.666579258 2.802945019 2.719117156 0.717853998 0.663747110 1.470050563 1.886877945 1.922048043 1.958537436 1.952599598 1.656998282 1.175901595 1.849105232 8.999999971 2.738043449 1.285582380 2.577897604 2.072438855 2.191122145 1.982181556 2.004338629 2.877523381 1.451769590 2.791278438 2.786277179 1.956707823 1.349841739 2.969864661 1.891169145 8.999999968 2.065600001 8.999999966 1.956714170 0.642346534 0.713521348 1.462618557 1.815615021 2.122022636 2.085298594 2.842753300 1.978726549 2.523658794 2.681492790 2.565069187 2.568501685 1.997278861 2.537774367 1.850601277 1.080376387 1.828376895 1.761649646 1.793430203 1.874013593 1.974111423 2.012324602 1.365291780 1.320815425 1.719874176 0.695331209 0.933311515 0.878729415 0.783075521 1.719156433 0.209592928 0.209592928 1.579443796 1.944533385 1.517738201 1.879699130 1.973389547 2.009259688 1.967105954 1.962081679 1.891344383 1.884140918 1.896727420 1.885847387 1.851585328 0.883622768 2.452324210 2.340535116 2.477128178 2.664551014 1.987363596 1.380673666 2.550328472 2.498107378 1.928563479 0.516834482 0.541132306 1.811352184 0.595956681 0.542774597 0.602981199 1.738497849 1.755202382 1.677788848 2.147792689 1.712218382 1.791884289 1.790981256 1.835660074 1.786734646 1.380087894 1.058693342 0.566917008 1.030167018 0.810023329 0.548439926 1.128217805 0.861401766 1.160254482 0.994931068 1.054140379 0.996967895 2.537298730 2.550802250 2.158456485 0.658478229 2.258452389 1.329292492 1.008785154 0.528481378 
GCA_000323505.1_ASM32350v1_genomic               1.431817428 1.608958547 1.343053599 0.625018033 1.225905349 1.700953218 1.277180064 1.526908543 2.172397075 1.352391555 1.330094911 1.406150450 1.537251838 1.272434836 0.961421594 0.000000000 1.455310010 2.503807740 0.673228398 0.339616918 0.962842849 2.542311849 1.196550031 1.127869152 0.792757373 1.306583206 1.466585606 0.749473330 1.206245570 1.028305803 1.611071297 1.405888298 3.002224453 2.844457722 1.027479176 1.014599376 1.362345312 1.285591909 1.669629681 1.416063043 1.507660892 1.712641126 1.541070930 1.429995062 0.974961633 2.869987223 0.759977768 1.042329845 0.722632432 0.724465906 1.540424425 0.951638785 1.566134965 1.428209362 1.374161190 2.773458032 1.860511318 2.775075563 2.211574904 1.251571672 1.569883076 0.689855080 1.772179060 1.212039632 1.228866578 1.789831211 1.611536253 1.808186580 1.612386414 0.728514863 1.778136173 2.840659159 1.273333932 2.764073226 3.153461751 2.788512218 2.834190766 2.719201881 2.741910273 2.869474134 2.545397127 1.321667790 1.279225270 1.208819075 1.750011121 1.778426743 1.830796349 1.854043734 1.437948217 0.823357234 1.643222900 8.999999960 2.821838553 0.866702749 2.672605309 1.864877075 2.010090263 1.859115769 1.888049206 2.920321388 1.131638130 2.826128686 2.850629632 1.837263619 0.938327891 3.073167167 1.764080540 8.999999976 1.960024187 8.999999974 1.837269301 1.242449916 1.300999473 1.510263364 1.663307350 1.934615160 1.987341728 2.892641632 1.904298774 2.542029818 2.756238800 2.617771120 2.620281049 1.960139459 2.557187440 1.707005897 0.659971346 1.666330132 1.625517504 1.662008468 1.737030793 1.850721949 1.811452131 0.627494534 0.543221518 1.536435503 1.279166144 1.389581198 1.383198619 1.348645164 1.535580657 0.832734891 0.832734891 1.260788576 1.831079961 1.210412259 1.735991894 1.893139998 1.961253848 1.841739545 1.915204351 1.762019801 1.749381807 1.761201790 1.751286856 1.699834305 1.432094269 2.365290406 2.309161071 2.489431817 2.673781587 1.883473399 1.117200304 2.507874424 2.506203880 1.790010945 0.273717658 0.328413784 1.654439155 0.382129982 0.335933745 0.467169693 1.623916449 1.597491499 1.399804717 2.084839807 1.553052242 1.602536974 1.615628269 1.626903091 1.657549973 1.093010273 0.719721624 0.264604778 0.816106347 0.484600667 0.274116614 0.782493655 0.542739606 0.846986392 0.672637151 0.732939383 0.674041452 2.551652524 2.563968446 2.086351155 0.432335734 2.191700560 1.130372795 0.689138563 0.301512795 
