196
GCA_000168235.2_ASM16823v2_genomic               0.000000000 0.097559765 0.015584357 0.057544934 0.019239672 0.090258119 0.019857808 0.032831466 0.102970037 0.022314211 0.022897190 0.024403171 0.028696455 0.076298692 0.033023069 0.057683507 0.082172016 0.166829685 0.058884810 0.060862727 0.033038998 0.309931693 0.076439635 0.075938335 0.031127413 0.019898798 0.084409883 0.060787022 0.078785205 0.031358295 0.088086752 0.080060125 0.211584034 0.195111198 0.032559366 0.033021345 0.014396291 0.076781904 0.087190689 0.080049506 0.082789182 0.090264828 0.087336756 0.082374699 0.035016910 0.196591518 0.073780009 0.067857113 0.071936199 0.072034129 0.086643935 0.029452130 0.031501774 0.025799885 0.024617719 0.373162630 0.022414786 0.119017181 0.047302890 0.010152748 0.028858526 0.059531276 0.223038732 2.128425271 0.017988037 0.019199865 0.212703885 0.106828960 0.095727965 0.038599575 0.060772210 0.096376356 0.353325754 0.011950565 0.189750479 0.230861435 0.345729141 0.348251606 0.206986097 0.180129595 0.189387416 0.065972515 0.021069635 0.020437946 0.077207338 0.096398388 0.095080961 0.096223079 0.109255129 0.085415421 0.063050036 0.081048137 0.144691249 0.194928987 0.065440296 0.123894607 0.098655988 0.101189062 0.096590476 0.098674329 0.354454858 0.070848722 0.345936327 0.186795317 0.099228027 0.067793466 0.189693476 0.099034552 0.248644934 0.099654486 0.238018342 0.099301520 0.019244452 0.020434354 0.090225187 0.094293288 0.101763240 0.100223061 0.360211157 0.101528159 0.311088166 0.187775389 0.181759444 0.185032990 0.137545677 0.314692665 0.095691550 0.058951458 0.091514873 0.100533448 0.100517793 0.097092652 0.098335839 0.099582705 0.068880073 0.066904651 0.086870727 0.021680301 0.031487156 0.026949068 0.023525108 0.086847527 0.029822672 0.029822672 0.076042952 0.102512208 0.072874383 0.095297801 0.104407540 0.130075073 0.097956852 0.169365906 0.098283227 0.095572285 0.096337767 0.097051701 0.093551436 2.123371032 0.026621244 0.167397732 0.214403678 0.337125588 0.340858463 0.104795535 0.068875213 0.496860464 0.191603802 0.096742224 0.045750218 0.042690888 0.094757655 0.041236913 0.041276315 0.042939900 0.084905292 0.107785174 0.091970754 0.090703239 0.093963055 0.071424150 0.059495602 0.043524545 0.057718476 0.042946156 0.062164792 0.064938455 0.058191445 0.058267639 0.269845677 0.288690954 0.131225914 0.049372603 0.096654765 0.056977539 0.058838567 0.042318774 
GCA_000169615.1_ASM16961v1_genomic               0.097559765 0.000000000 0.097591259 0.085129014 0.092190431 0.120247907 0.093587424 0.108915034 0.130824677 0.096384054 0.096934495 0.099514406 0.104176571 0.105654978 0.076440482 0.085387163 0.112684748 0.200128102 0.086582349 0.088971971 0.077127927 0.345025938 0.107239218 0.105135730 0.071392881 0.093424405 0.112749344 0.089115246 0.108184536 0.077896110 0.116200992 0.109751104 0.248793525 0.230152615 0.076277394 0.077788357 0.096396483 0.105380788 0.114003142 0.108322033 0.108402086 0.117109356 0.115898529 0.109921475 0.075691639 0.231752829 0.102368416 0.095512609 0.100708657 0.100634253 0.114464294 0.077340062 0.106073114 0.100847391 0.098299739 0.415880694 0.110975105 0.145248126 0.124839296 0.091468200 0.103369619 0.087257424 0.256366996 2.126188989 0.091323529 0.092663069 0.245289032 0.078592883 0.123149349 0.113345639 0.088522876 0.124517642 0.395251569 0.093434455 0.226064177 0.267932406 0.385919840 0.389985658 0.244264434 0.213511904 0.224844618 0.146386188 0.094914177 0.094125308 0.106447275 0.124545075 0.123183494 0.125241096 0.138074031 0.115121011 0.090371905 0.110866109 0.184261047 0.229055283 0.093469290 0.152728404 0.127125257 0.129029626 0.124831195 0.125580382 0.394319738 0.099192994 0.386271546 0.222136898 0.127533154 0.096096034 0.225234845 0.126569876 0.286293900 0.128100082 0.278955310 0.127630127 0.093566315 0.094117213 0.005994745 0.122334388 0.129599767 0.127941334 0.401380867 0.129717417 0.352124190 0.221521834 0.215100819 0.218560932 0.170087873 0.355910171 0.123799085 0.086682055 0.119404807 0.130862751 0.130841799 0.125267730 0.126545130 0.127993844 0.097134819 0.095066593 0.114568517 0.094888812 0.105737197 0.101802197 0.096977555 0.114537122 0.072221052 0.072221052 0.105292213 0.130217271 0.101338707 0.122037623 0.133026186 0.159496177 0.126232239 0.199404975 0.126470183 0.123640758 0.124433468 0.125212230 0.121534834 2.120597855 0.101221545 0.213351614 0.258013648 0.387163483 0.383924342 0.134817524 0.101234068 0.550566890 0.233144051 0.124817949 0.072858690 0.068961834 0.124373855 0.066354400 0.067777121 0.073398137 0.111946375 0.137584683 0.122016851 0.122492627 0.122315271 0.099771136 0.086122247 0.070498999 0.090571356 0.073893270 0.090709981 0.091637549 0.084500299 0.085281782 0.313164425 0.328050745 0.161572290 0.075222997 0.130260520 0.099528942 0.085844454 0.071711650 
GCA_000169635.1_ASM16963v1_genomic               0.015584357 0.097591259 0.000000000 0.057174126 0.019118133 0.090328553 0.019732279 0.033240350 0.102284888 0.022172929 0.022752363 0.024862197 0.029134659 0.076453720 0.032811621 0.057325567 0.082292400 0.165657924 0.058504805 0.060475067 0.032827357 0.306653794 0.076598305 0.076094803 0.030928407 0.020399447 0.083854724 0.060402500 0.078924969 0.031143810 0.087500114 0.080193189 0.211747818 0.194542649 0.032344157 0.033437245 0.014305440 0.076933679 0.086630362 0.079522042 0.082242581 0.089681321 0.086760038 0.081833546 0.034791788 0.196011248 0.073297011 0.067413925 0.071468348 0.071561470 0.086072108 0.029258764 0.031303787 0.026262108 0.025079483 0.371087154 0.022272233 0.118907556 0.047640380 0.010088884 0.028672809 0.059146988 0.222244517 2.127257195 0.017874674 0.019078825 0.211979524 0.105356691 0.095095797 0.038981243 0.060379995 0.095739926 0.351423543 0.011875390 0.189975917 0.230046991 0.343905573 0.346392351 0.207172349 0.179611992 0.188859302 0.066190305 0.020936433 0.020308903 0.077356127 0.095761700 0.094453081 0.096278278 0.108525725 0.085515136 0.062650653 0.080511805 0.149333666 0.194307151 0.065016164 0.123029889 0.097998060 0.100514802 0.095951244 0.098020370 0.352535600 0.070387283 0.344105150 0.186283092 0.098571027 0.067351160 0.189162397 0.098380156 0.246635404 0.098991811 0.238205614 0.098643556 0.019727521 0.020932568 0.089632016 0.093676788 0.101085653 0.099557239 0.358244502 0.100840716 0.309567153 0.187204524 0.181232315 0.184482638 0.136609829 0.313141592 0.095059915 0.058570609 0.090912713 0.100562448 0.100546880 0.096451058 0.097686290 0.098921179 0.068431922 0.066469799 0.086300106 0.021543206 0.031287452 0.027394465 0.023376177 0.086277208 0.029632483 0.029632483 0.076199024 0.101833264 0.072398959 0.094667090 0.103712215 0.127053252 0.097308081 0.168179437 0.097634457 0.094942207 0.095701818 0.096410665 0.092935199 2.122055013 0.026452334 0.166921735 0.213865347 0.331401302 0.339064828 0.104099253 0.069813233 0.490996823 0.189387454 0.096092367 0.045433515 0.042413291 0.094129767 0.040965886 0.040994865 0.040948007 0.083588808 0.106255143 0.092168142 0.090062083 0.093342000 0.070962916 0.059110742 0.043245876 0.055820268 0.042669610 0.061762668 0.063805215 0.057816332 0.057891553 0.272024341 0.286642613 0.130347899 0.048321044 0.095992703 0.056531374 0.058459153 0.042052310 
GCA_000169675.1_ASM16967v1_genomic               0.057544934 0.085129014 0.057174126 0.000000000 0.051480042 0.057921974 0.052769910 0.066339095 0.068554700 0.055351010 0.055915790 0.058519264 0.062936283 0.044633979 0.037210290 0.026472695 0.051288297 0.117063851 0.022768054 0.028579630 0.036604298 0.247562975 0.045986861 0.044432006 0.032681255 0.053281013 0.051665006 0.024476666 0.047061663 0.037909141 0.053519551 0.047412923 0.158699446 0.143277483 0.037492795 0.038471956 0.055992038 0.045162892 0.053157040 0.047408023 0.050622496 0.055546626 0.054365415 0.049113514 0.036548279 0.144470356 0.040940587 0.035933175 0.039486377 0.040438138 0.053077759 0.038315526 0.065566937 0.059539507 0.057729422 0.306374489 0.068684229 0.084708498 0.082604858 0.051451169 0.061329478 0.023377849 0.183710602 2.126487615 0.050745219 0.052002460 0.173073350 0.092267071 0.061819387 0.072396545 0.024576969 0.062445151 0.287942484 0.053316076 0.139170733 0.176316172 0.280384703 0.283191558 0.155255112 0.129389586 0.138187071 0.102027061 0.054020244 0.053326889 0.045656597 0.062459953 0.061195914 0.062787730 0.074499780 0.053373368 0.026550145 0.038059480 0.113549858 0.143114810 0.033840084 0.086381280 0.064316096 0.066786380 0.063234984 0.064542432 0.287806118 0.027740037 0.280383643 0.135663114 0.065108046 0.035902652 0.138388536 0.064987231 0.201659291 0.065376876 0.196050850 0.065154753 0.052757659 0.054011615 0.077483853 0.060488835 0.067364902 0.065955606 0.293241734 0.065912343 0.249631851 0.136508316 0.131069777 0.134070776 0.102492177 0.252965165 0.061798366 0.027681170 0.057874846 0.056304955 0.056296525 0.063113192 0.064326886 0.065338225 0.037034390 0.035162441 0.053450673 0.054655219 0.064836892 0.061896737 0.056590797 0.053436838 0.033378568 0.033378568 0.044488447 0.068265091 0.029605265 0.061331310 0.070571443 0.093446844 0.064516768 0.131403030 0.064296551 0.061723720 0.062420069 0.063088233 0.059802882 2.121448891 0.059851013 0.131113711 0.174836786 0.283927901 0.278958181 0.059310659 0.030797462 0.439186305 0.152960858 0.065569355 0.014127161 0.016485503 0.050473962 0.017302583 0.015434387 0.017771241 0.043247381 0.063641999 0.047840364 0.048520393 0.061772060 0.041350496 0.029165335 0.012481221 0.033338559 0.014591977 0.032585490 0.034535381 0.028237121 0.028273008 0.214419819 0.228705262 0.096807396 0.016602295 0.069486796 0.039775698 0.028851458 0.014515955 
GCA_000181455.2_ASM18145v2_genomic               0.019239672 0.092190431 0.019118133 0.051480042 0.000000000 0.084369808 0.014908653 0.028328299 0.096214835 0.010113330 0.010698973 0.020568624 0.024212383 0.070587344 0.027874335 0.051616277 0.076347654 0.159666049 0.052796648 0.054690420 0.027887845 0.299616466 0.070721381 0.070257822 0.026005962 0.015411247 0.077929959 0.054564932 0.073053926 0.025221024 0.081481497 0.074270259 0.204660516 0.187682088 0.028560306 0.028495673 0.017936681 0.071077306 0.080594902 0.073573287 0.076301851 0.083641885 0.081451758 0.075924012 0.029826807 0.189117456 0.067443691 0.061599185 0.065544058 0.065702000 0.080117644 0.024215082 0.026855633 0.021317555 0.020130547 0.362710437 0.029718987 0.112649458 0.036269635 0.013691385 0.016349135 0.053434448 0.215444219 2.125294445 0.005915056 0.007102704 0.205230307 0.098965272 0.089100508 0.033301073 0.054663442 0.089742159 0.343188104 0.015485173 0.183173999 0.221308465 0.335782938 0.338189494 0.198707131 0.172878788 0.180574789 0.061019583 0.008907518 0.008301796 0.071513779 0.089762758 0.088460559 0.090245143 0.102409791 0.079600306 0.056888404 0.074564771 0.142649341 0.187456590 0.059255851 0.116576409 0.091931840 0.094443267 0.089939603 0.091991672 0.344261216 0.064576043 0.335955321 0.178003647 0.092545812 0.061542715 0.180860482 0.092367786 0.236518725 0.092938964 0.230386440 0.092613680 0.014905033 0.016104578 0.084344910 0.087696136 0.095016231 0.093507767 0.349940616 0.094670092 0.301756112 0.180414553 0.174509621 0.177729462 0.130263498 0.305301683 0.089067488 0.052855978 0.084956148 0.094563437 0.094548848 0.090446311 0.091678939 0.092874624 0.062634864 0.060686989 0.080372677 0.016710879 0.025793284 0.023078324 0.018531137 0.080351420 0.024727330 0.024727330 0.070352814 0.095792946 0.066565961 0.088660395 0.097630863 0.122816372 0.091286311 0.161650372 0.091631246 0.088957558 0.089706345 0.090408762 0.086963800 2.119598481 0.014323148 0.158567339 0.205239799 0.321779503 0.330042523 0.098030500 0.063901764 0.480256197 0.181360459 0.089990147 0.039367600 0.036683631 0.088118141 0.035822721 0.035854977 0.032932009 0.080104913 0.100690782 0.085766930 0.085988273 0.087301511 0.065153280 0.053341648 0.037647642 0.050803496 0.037179505 0.056027222 0.058750924 0.052117444 0.052185037 0.263281198 0.278940794 0.123973101 0.042053176 0.089771193 0.050507562 0.051491279 0.036372465 
GCA_000182485.1_ASM18248v1_genomic               0.090258119 0.120247907 0.090328553 0.057921974 0.084369808 0.000000000 0.085735555 0.100735705 0.076238541 0.088469057 0.088354263 0.092147583 0.096033369 0.023507290 0.069549110 0.058075774 0.040059349 0.167735013 0.058618554 0.061242787 0.069587819 0.307071913 0.034859098 0.033389645 0.064643206 0.087426840 0.059065095 0.061824663 0.036585440 0.074057240 0.061687149 0.036861605 0.213333249 0.195986556 0.071991354 0.069554690 0.089148590 0.024068482 0.060712473 0.054763434 0.058033386 0.063107115 0.061822101 0.056466020 0.068829678 0.197469762 0.074106235 0.066875037 0.072279707 0.073023686 0.060512793 0.071685262 0.099850480 0.093432546 0.092983529 0.374304742 0.102705492 0.056790252 0.117637304 0.084324870 0.094542670 0.059901922 0.172137497 2.132186447 0.083535157 0.084848789 0.162272770 0.128751389 0.069364587 0.105683581 0.061138398 0.069997998 0.354391718 0.086257751 0.191384452 0.231755445 0.346761611 0.349300509 0.208698535 0.180956031 0.190258937 0.137289697 0.087037381 0.086273240 0.034609083 0.070014535 0.068733432 0.070386262 0.082284380 0.008926937 0.063420653 0.082687477 0.123803284 0.195747726 0.065791717 0.093247455 0.069964394 0.074460461 0.070164329 0.072147741 0.355528957 0.071183303 0.346972826 0.187669153 0.072713169 0.068139080 0.190566538 0.072576207 0.216482736 0.073005457 0.208745633 0.072765921 0.085054398 0.087025630 0.111752880 0.068007128 0.075040460 0.073596542 0.361304813 0.073012025 0.313010578 0.188596860 0.182581926 0.185854083 0.110045954 0.316629303 0.069340321 0.059324458 0.065345318 0.101470661 0.101454897 0.070679415 0.071904389 0.072971877 0.069221003 0.067252006 0.060855540 0.087700847 0.098349133 0.095760938 0.089746263 0.060839615 0.065447936 0.065447936 0.020982821 0.075911495 0.073202678 0.068880160 0.078292488 0.102431201 0.072787908 0.139425211 0.071869358 0.069255635 0.069969795 0.070650929 0.067304940 2.127176006 0.093205015 0.179172632 0.223525685 0.339926428 0.340831108 0.105029189 0.072607183 0.508113279 0.201152446 0.098486037 0.046873521 0.047651183 0.095689047 0.045587860 0.047578907 0.051667309 0.090527514 0.109597325 0.093773035 0.094530091 0.094911676 0.073048638 0.059227140 0.043950342 0.064944200 0.044219334 0.064456148 0.066582078 0.059843521 0.059921652 0.274955863 0.288867844 0.132848180 0.049783733 0.103219953 0.066444011 0.060489548 0.045327842 
GCA_000182505.1_ASM18250v1_genomic               0.019857808 0.093587424 0.019732279 0.052769910 0.014908653 0.085735555 0.000000000 0.028955657 0.097611632 0.017944892 0.018526928 0.021191759 0.024838992 0.071925494 0.027888082 0.052909655 0.076378442 0.161301103 0.054090337 0.054717812 0.027285277 0.301542625 0.072062013 0.071589137 0.026633496 0.016039175 0.079284928 0.055885670 0.074394325 0.025229583 0.082862849 0.075606533 0.206344631 0.189304830 0.029206738 0.029125317 0.018550315 0.072413419 0.081973256 0.074955703 0.077659674 0.085025754 0.082163952 0.077274546 0.030461659 0.190748691 0.068127079 0.062275286 0.065598337 0.066385273 0.081480429 0.025488714 0.027504443 0.021945545 0.020758491 0.362963391 0.030351491 0.114097212 0.043226593 0.014298759 0.024356291 0.054729441 0.217065471 2.126818547 0.013678830 0.014878025 0.206834900 0.099730312 0.090476847 0.034583491 0.054690500 0.091119370 0.343421825 0.016094366 0.184780879 0.224595754 0.336007965 0.338418539 0.201883362 0.172973717 0.183676179 0.061696240 0.016718341 0.016098061 0.072846908 0.091140251 0.089835966 0.091630694 0.103820044 0.080923778 0.058196329 0.075923203 0.144215985 0.187561034 0.060564468 0.118043691 0.093325766 0.095839592 0.091320084 0.093377020 0.344496848 0.065898784 0.336181223 0.181102113 0.093930622 0.062863359 0.183968452 0.093749575 0.240551378 0.094320509 0.232267486 0.093999590 0.015514361 0.016715198 0.085708906 0.089068471 0.096412340 0.094898590 0.350181443 0.096057507 0.301948859 0.180514304 0.174605264 0.177827249 0.131709958 0.305497572 0.090443163 0.054151162 0.086321684 0.095943176 0.095928355 0.091825452 0.093059245 0.094264493 0.063953462 0.062001411 0.081729409 0.017322353 0.027025585 0.022449396 0.019145127 0.081707767 0.025352029 0.025352029 0.071686260 0.097182740 0.067897427 0.090039144 0.099030941 0.124304401 0.092669740 0.163188237 0.093010590 0.090331400 0.091083011 0.091787236 0.088333672 2.122085660 0.022202818 0.157655411 0.208833117 0.326548803 0.332926278 0.099427861 0.065241716 0.484940269 0.183938207 0.090694415 0.040739373 0.037974161 0.089497761 0.036483384 0.037152460 0.036105928 0.080140318 0.101438429 0.087944300 0.086739352 0.087998043 0.066475929 0.054649386 0.038909107 0.052227929 0.038587950 0.057328645 0.060061310 0.053408706 0.053478057 0.266680428 0.280833039 0.124709540 0.042024713 0.090489127 0.051221740 0.054048214 0.037651641 
GCA_000182525.1_ASM18252v1_genomic               0.032831466 0.108915034 0.033240350 0.066339095 0.028328299 0.100735705 0.028955657 0.000000000 0.112931758 0.031438761 0.032015175 0.031129384 0.035442320 0.086648496 0.041046894 0.067176338 0.092646103 0.177752032 0.068354244 0.069813937 0.042323106 0.321378952 0.085463583 0.086236219 0.040384143 0.029943932 0.094178237 0.070484789 0.089136424 0.038574590 0.097995188 0.089727112 0.223753770 0.206105386 0.043353215 0.042939322 0.032056772 0.087112398 0.097173249 0.089817835 0.092588923 0.099428622 0.097157189 0.092123256 0.044344352 0.207635480 0.083457165 0.077485947 0.081705037 0.081726214 0.096455956 0.038959615 0.041072382 0.035743747 0.034565227 0.386006528 0.044183550 0.129948305 0.057441130 0.027699559 0.037530753 0.069006246 0.234614866 2.127970617 0.027048871 0.028269664 0.224223090 0.116652134 0.105584252 0.045478974 0.070250619 0.106234945 0.366020368 0.029521261 0.201423836 0.243125002 0.358273151 0.360912380 0.219751174 0.191725024 0.201101367 0.073599712 0.030174346 0.029527759 0.087511589 0.106258785 0.104934319 0.106154232 0.118555931 0.095827206 0.072609097 0.090863017 0.161238049 0.206686581 0.074984031 0.131319431 0.108622509 0.111157599 0.106471615 0.108578394 0.367207757 0.080463376 0.358522902 0.198508161 0.109124771 0.077411588 0.201432191 0.108910219 0.259444148 0.109596290 0.252517243 0.109205825 0.026489150 0.030168977 0.100686668 0.104134130 0.111726723 0.110157519 0.372990005 0.108713798 0.322382161 0.199447967 0.193331546 0.196648777 0.147869591 0.326017807 0.105542973 0.068435304 0.101317727 0.111076590 0.111059232 0.106158303 0.108205311 0.109513724 0.078475885 0.076481935 0.096637002 0.030790036 0.040671221 0.037483146 0.032654280 0.096611125 0.039049840 0.039049840 0.086357477 0.112425147 0.082514084 0.105174146 0.114383496 0.139853036 0.107851308 0.179922061 0.108145684 0.105411074 0.106192692 0.106915264 0.103373607 2.123001209 0.035786047 0.180440482 0.226316424 0.343017402 0.354342504 0.114749727 0.080084706 0.505085384 0.199546995 0.106082366 0.055841410 0.052245615 0.104643761 0.048909846 0.052901449 0.049881894 0.096360357 0.117768856 0.103304003 0.102615218 0.103219880 0.081038381 0.069072664 0.052852892 0.067940957 0.052699890 0.071011944 0.074501359 0.067650899 0.067739713 0.287034264 0.300854920 0.140906804 0.055571197 0.105445521 0.066662095 0.068304168 0.051153700 
GCA_000182705.1_ASM18270v1_genomic               0.102970037 0.130824677 0.102284888 0.068554700 0.096214835 0.076238541 0.097611632 0.112931758 0.000000000 0.098357399 0.100276120 0.104286436 0.107537857 0.061843472 0.081169985 0.069388843 0.068768327 0.181818149 0.069924500 0.072726139 0.081205342 0.326595674 0.063211420 0.062212677 0.075430341 0.098120327 0.035876236 0.074100419 0.064977569 0.084430941 0.038829059 0.066129731 0.228479702 0.210526962 0.081889900 0.082530742 0.101104513 0.063010172 0.037053887 0.027950271 0.035444735 0.040794496 0.038472162 0.034034692 0.080417120 0.211304610 0.085801715 0.079787344 0.084066376 0.084734048 0.037880326 0.080891042 0.110889219 0.106374803 0.105241393 0.391952773 0.115014274 0.104289530 0.130356792 0.096164496 0.105344285 0.071231937 0.207185276 2.134125087 0.095341369 0.096678616 0.196942819 0.139134992 0.005924062 0.118229697 0.072483491 0.016141311 0.371611724 0.098126513 0.205768401 0.247185797 0.365174756 0.366418225 0.223480194 0.195126506 0.204601624 0.151174130 0.098935824 0.098143337 0.063468301 0.016145319 0.014942566 0.016227033 0.027229541 0.071501080 0.074870918 0.093961201 0.072083571 0.210264655 0.077251910 0.076784463 0.024918105 0.011369050 0.008322306 0.009520614 0.374367139 0.082776967 0.365452488 0.201986267 0.018584511 0.079709955 0.204942863 0.018551874 0.155276402 0.026058809 0.146614132 0.018597391 0.096915679 0.098923333 0.123471359 0.021633775 0.013168981 0.012545145 0.380256675 0.056726404 0.329582209 0.202937467 0.196739329 0.200097321 0.093707304 0.333290643 0.015536774 0.070655524 0.011908472 0.113620752 0.113602878 0.016751934 0.017941153 0.018650095 0.080774391 0.078765579 0.038318016 0.099610806 0.110454522 0.107994223 0.101701591 0.038308198 0.076273942 0.076273942 0.062295785 0.014899432 0.084844682 0.014974507 0.041691001 0.044507614 0.018602355 0.081733998 0.017934017 0.015518630 0.016134701 0.016745877 0.013712563 2.128871426 0.105242268 0.194069889 0.241400722 0.370801945 0.360122359 0.117343895 0.086503574 0.533671505 0.215187913 0.111566228 0.058137977 0.059666373 0.107846304 0.059050611 0.059059367 0.067201561 0.101366853 0.120490433 0.101454687 0.106691219 0.107119243 0.085345108 0.071975550 0.054961186 0.074219845 0.055757022 0.075883216 0.078087624 0.071162025 0.071256043 0.294003765 0.305809397 0.145982962 0.063740175 0.113041119 0.089179317 0.071821114 0.056536418 
GCA_000255755.1_ASM25575v1_genomic               0.022314211 0.096384054 0.022172929 0.055351010 0.010113330 0.088469057 0.017944892 0.031438761 0.098357399 0.000000000 0.010105377 0.023666604 0.027323618 0.074603147 0.031000152 0.055497786 0.080425553 0.163683347 0.056679046 0.058627576 0.031015098 0.304496185 0.074744622 0.074253037 0.029119803 0.018550803 0.081996474 0.058537940 0.077076504 0.027887540 0.084947978 0.078330164 0.208109295 0.191758645 0.031125251 0.031625069 0.020990264 0.075086973 0.084744739 0.077659725 0.080376932 0.087795603 0.084894764 0.079977143 0.032972886 0.193215740 0.071446039 0.065566734 0.069598874 0.069706041 0.084207753 0.027406430 0.029436692 0.023819120 0.023252975 0.367941265 0.032853535 0.116998167 0.039467420 0.016718541 0.018202607 0.057320734 0.219587969 2.127317884 0.007704810 0.008895982 0.209325012 0.104835141 0.092562970 0.036499752 0.058554196 0.093207004 0.348343875 0.018519361 0.187209570 0.227191606 0.340855393 0.343316232 0.204375641 0.176859692 0.186098043 0.064340978 0.010710281 0.008906074 0.075514470 0.093228316 0.091920482 0.093731166 0.105955972 0.083662419 0.060813444 0.078641640 0.146601427 0.191526903 0.063182924 0.121053329 0.095439494 0.097957746 0.093412754 0.095472347 0.349443190 0.068545488 0.341045027 0.183520094 0.096030664 0.065505901 0.186395687 0.095844956 0.244411526 0.096440373 0.235186272 0.096101328 0.017940548 0.019145186 0.088438756 0.090481496 0.098530342 0.097677534 0.355151057 0.098919841 0.306578708 0.184439278 0.178486528 0.181728764 0.134678209 0.310147854 0.092523079 0.056742867 0.088390184 0.098036112 0.098020935 0.093916230 0.095152173 0.096372323 0.066584810 0.064624636 0.084435534 0.019755053 0.029493216 0.024284571 0.021585809 0.084422165 0.027828470 0.027828470 0.074354467 0.099291366 0.070550402 0.092128799 0.101834317 0.126565729 0.094767302 0.166270524 0.095102029 0.092413675 0.093169808 0.093876985 0.090409334 2.122291240 0.016145743 0.163856683 0.209282969 0.330306832 0.336001799 0.101526835 0.067944072 0.491318060 0.184714294 0.094191602 0.043478433 0.040557749 0.092259328 0.038445511 0.039118334 0.039421337 0.083820232 0.102707893 0.090872297 0.090340336 0.091456592 0.069122449 0.057266284 0.041434207 0.054534901 0.040704269 0.059932760 0.062683314 0.055992576 0.056065453 0.265120838 0.283673118 0.128413743 0.046301739 0.094054469 0.052724181 0.055363227 0.040212450 
GCA_000255895.1_ASM25589v1_genomic               0.022897190 0.096934495 0.022752363 0.055915790 0.010698973 0.088354263 0.018526928 0.032015175 0.100276120 0.010105377 0.000000000 0.024252053 0.027906198 0.074507197 0.031580061 0.056063896 0.080983692 0.164223607 0.057243607 0.059197313 0.031595249 0.305844691 0.075303400 0.074808617 0.029700232 0.019152988 0.082550776 0.058451252 0.077631841 0.027811939 0.086177163 0.078888858 0.209437295 0.193062496 0.031718974 0.032204726 0.021571193 0.074990590 0.085306397 0.078218750 0.080934753 0.087679906 0.085448802 0.080532524 0.033553657 0.194524352 0.072006642 0.066130872 0.069494901 0.070269387 0.084762077 0.028003913 0.030035631 0.024408176 0.023843664 0.369357617 0.033432353 0.116840746 0.040048110 0.017300616 0.018792791 0.057884947 0.220786455 2.126507076 0.008290340 0.009480867 0.210529160 0.105405786 0.093110232 0.037085004 0.059117304 0.093753687 0.349713272 0.019100170 0.188507085 0.228513475 0.342215152 0.344686404 0.204909406 0.178154998 0.187393638 0.064906738 0.011295518 0.009491613 0.076069010 0.093775079 0.092468294 0.094280417 0.106503236 0.083554414 0.061378290 0.079202221 0.147136519 0.192829095 0.063744684 0.120739277 0.095989603 0.098505156 0.093960445 0.096024369 0.350817725 0.069105618 0.342409124 0.184817598 0.096576309 0.066069499 0.187693708 0.096389667 0.244910429 0.096988007 0.235670824 0.096647307 0.018522452 0.019726316 0.088987456 0.091695777 0.099076839 0.098223671 0.356523363 0.098672132 0.307926468 0.185737451 0.179778085 0.183022752 0.135202594 0.311496389 0.093075301 0.057307991 0.088939094 0.099245748 0.099230393 0.094462662 0.095697297 0.096919471 0.067153010 0.065193642 0.084996088 0.020335977 0.030068753 0.026781587 0.022166073 0.084973548 0.028408409 0.028408409 0.074259154 0.099834283 0.071113697 0.092677647 0.102378111 0.127112785 0.095314219 0.166769359 0.095646839 0.092960150 0.093716329 0.094423207 0.090957094 2.121387008 0.016729178 0.164431834 0.209189856 0.330619504 0.337369541 0.102768000 0.068515387 0.491458870 0.186932170 0.094751936 0.044087297 0.041144257 0.092808864 0.039684376 0.039712711 0.038500180 0.084437224 0.105719155 0.091459766 0.090920243 0.092014559 0.069681717 0.057836160 0.042006180 0.055182502 0.041341566 0.060496052 0.063246546 0.056557053 0.056630599 0.270245807 0.285022555 0.128955737 0.046933156 0.094625952 0.054227011 0.055928134 0.040155024 
GCA_000268625.1_ASM26862v1_genomic               0.024403171 0.099514406 0.024862197 0.058519264 0.020568624 0.092147583 0.021191759 0.031129384 0.104286436 0.023666604 0.024252053 0.000000000 0.006013940 0.078072395 0.033831830 0.058676165 0.083317878 0.167834056 0.059866001 0.061855530 0.033837455 0.310210566 0.077526185 0.077031889 0.031925008 0.021276779 0.085569913 0.062458696 0.079225337 0.030147728 0.089301494 0.081198475 0.215431506 0.197274534 0.034000129 0.034463877 0.023667600 0.078555004 0.088424468 0.081143149 0.083929510 0.091517361 0.088511282 0.083529399 0.035833505 0.198738960 0.074215237 0.068247526 0.072345024 0.072443910 0.087837757 0.029594066 0.032976574 0.027834627 0.026639177 0.375066204 0.035078995 0.121181874 0.049517116 0.019333192 0.025173511 0.060520252 0.222942385 2.127292056 0.019305563 0.020525815 0.213304270 0.106694309 0.096984576 0.036862213 0.061769043 0.097637371 0.355062424 0.021156755 0.192624933 0.234186946 0.346334741 0.349946767 0.210099377 0.182069572 0.192255047 0.059638245 0.022411735 0.020549573 0.078321934 0.096975420 0.096333110 0.098193722 0.109914994 0.087262082 0.064078418 0.082197792 0.152165366 0.196167557 0.065820248 0.125343134 0.099247497 0.102494991 0.097855742 0.099928646 0.355286853 0.071921294 0.347604717 0.189578251 0.100512052 0.068190383 0.192569422 0.098953506 0.251501872 0.100947087 0.242844518 0.100586997 0.017510575 0.022407576 0.091438453 0.095543540 0.103072178 0.101518343 0.360922274 0.102823317 0.313329792 0.189780654 0.183706588 0.186246576 0.138397113 0.316966264 0.096268801 0.059937464 0.092738162 0.101824596 0.101824596 0.097679509 0.099610653 0.100873473 0.069282523 0.067294618 0.088060382 0.023026756 0.032903146 0.028960559 0.024885367 0.088036710 0.029988426 0.029988426 0.077813000 0.103819258 0.073962225 0.096527661 0.105735086 0.131682947 0.098550823 0.168993712 0.098197804 0.096825687 0.097587407 0.097638029 0.094789973 2.122024895 0.028005243 0.170877102 0.214476116 0.337825213 0.344273338 0.106122641 0.072014886 0.495911553 0.190326506 0.097283452 0.046680282 0.043580539 0.096011927 0.042771836 0.044108359 0.042164514 0.087666316 0.109260197 0.094059376 0.094164649 0.094493487 0.072503466 0.060497390 0.043770129 0.058840075 0.045368686 0.063173035 0.065972153 0.059170327 0.059248292 0.278942783 0.290949371 0.128937456 0.048142548 0.097886844 0.055682725 0.059821987 0.042556521 
GCA_000268865.1_ASM26886v1_genomic               0.028696455 0.104176571 0.029134659 0.062936283 0.024212383 0.096033369 0.024838992 0.035442320 0.107537857 0.027323618 0.027906198 0.006013940 0.000000000 0.081914064 0.038176774 0.063108392 0.087898200 0.173781596 0.064299059 0.066323006 0.038194892 0.317019409 0.081394134 0.082189222 0.036253553 0.025034432 0.088780725 0.066332859 0.084383020 0.034800451 0.091838263 0.085052022 0.220763634 0.202426344 0.038474879 0.038811530 0.027942416 0.082398378 0.091642880 0.084378436 0.087155274 0.094766979 0.091746766 0.086725106 0.038921474 0.203888417 0.078732377 0.072750303 0.076906239 0.076983651 0.091046332 0.034049034 0.037439498 0.031559764 0.030369569 0.379886866 0.040063479 0.125220101 0.053311184 0.023584651 0.029517347 0.064952543 0.228770244 2.130567641 0.022938613 0.024162002 0.217576824 0.111604604 0.100206429 0.039995529 0.066202798 0.100859537 0.359820821 0.025412178 0.197736591 0.239536536 0.351029093 0.354691439 0.215294624 0.187085555 0.197358772 0.067511759 0.026061248 0.024189979 0.082811926 0.100196691 0.099554454 0.101434364 0.113868157 0.091126225 0.068545044 0.086100766 0.154156592 0.202919335 0.070279854 0.129501303 0.102513076 0.105749899 0.101085159 0.103191274 0.360988281 0.076415873 0.352320954 0.194735583 0.103744763 0.072684604 0.197684011 0.102176830 0.254548004 0.104194267 0.244857928 0.103822138 0.021145589 0.026056495 0.096012754 0.098748818 0.106325035 0.104762738 0.365707777 0.106855490 0.318345651 0.195656224 0.188712058 0.192855762 0.142462369 0.321980135 0.099471291 0.064372226 0.095945415 0.107103572 0.107103572 0.100903038 0.102835026 0.104117205 0.073766172 0.071765822 0.091258909 0.026678060 0.036580615 0.032687514 0.028543781 0.091234373 0.033674431 0.033674431 0.081646446 0.107055044 0.078468312 0.099755509 0.108990246 0.134310918 0.101782341 0.173092312 0.101417314 0.100041919 0.100792192 0.100860059 0.098002147 2.126242793 0.031676797 0.174901806 0.221385357 0.341828514 0.350341257 0.110773705 0.075936242 0.502045911 0.196602248 0.102715811 0.050724763 0.048052098 0.100631606 0.046631135 0.048642499 0.046235036 0.091186514 0.113505458 0.099037355 0.098347799 0.099867025 0.076996044 0.064971108 0.048132069 0.063195888 0.050235039 0.067619890 0.070441651 0.063593735 0.063677618 0.283059063 0.297494944 0.137650752 0.051640352 0.102722916 0.060215432 0.064248188 0.046990801 
GCA_000320445.1_ASM32044v1_genomic               0.076298692 0.105654978 0.076453720 0.044633979 0.070587344 0.023507290 0.071925494 0.086648496 0.061843472 0.074603147 0.074507197 0.078072395 0.081914064 0.000000000 0.055936313 0.044749749 0.026908389 0.151129481 0.045304361 0.047718976 0.055968674 0.287038733 0.021844397 0.020484981 0.051162071 0.071689283 0.044998906 0.047511761 0.022365996 0.059407376 0.046755920 0.023776427 0.195855320 0.179088954 0.058023221 0.057251810 0.073929366 0.011345848 0.045064364 0.040720133 0.043281695 0.047472135 0.047672717 0.042455375 0.055241062 0.180498761 0.060436725 0.054610616 0.055837543 0.059321161 0.046393512 0.058297277 0.083740220 0.077153215 0.078738844 0.354272151 0.088503496 0.049868933 0.103058217 0.070548769 0.080376841 0.046569672 0.156307396 2.130946218 0.069792317 0.071086483 0.145874459 0.112564099 0.055146830 0.090518922 0.047796045 0.055773443 0.334742834 0.072459429 0.174646008 0.213232720 0.327399027 0.329740365 0.192375121 0.164396325 0.174308406 0.123111976 0.073209636 0.072473195 0.021693066 0.055786859 0.054522505 0.056080196 0.067773997 0.019212869 0.049959665 0.068773571 0.108607589 0.179638266 0.052344608 0.079381301 0.056277398 0.060061773 0.056546904 0.057850409 0.335784664 0.057613904 0.327544889 0.171731522 0.058423052 0.054578204 0.174582241 0.058314741 0.196455967 0.058655042 0.190112323 0.058465061 0.071257434 0.073198954 0.097479516 0.053823680 0.060646103 0.059249719 0.341477173 0.059082015 0.292203105 0.172637621 0.166037064 0.169984058 0.095681058 0.295731777 0.055128312 0.045987716 0.051220148 0.086780901 0.086767538 0.056437863 0.057656540 0.058630992 0.055685796 0.053751350 0.046800355 0.073863474 0.084350196 0.081602620 0.075869086 0.046788213 0.051950406 0.051950406 0.010734209 0.061579118 0.059589803 0.054640662 0.063852358 0.087200321 0.058482211 0.124578190 0.057629801 0.055061564 0.055750824 0.056415651 0.053143710 2.125772419 0.079254938 0.167328844 0.203635043 0.322179487 0.319117398 0.090835265 0.059402791 0.481791002 0.183359547 0.083483850 0.032052724 0.034210007 0.080950559 0.034609663 0.034627788 0.038626453 0.076773854 0.095161011 0.078815337 0.079048466 0.080781019 0.060118552 0.046409078 0.030893917 0.051671188 0.032445022 0.051039224 0.052454769 0.046524359 0.046584619 0.255191430 0.269472381 0.117162757 0.037949077 0.087862146 0.055086044 0.047159047 0.032037486 
GCA_000323445.1_ASM32344v1_genomic               0.033023069 0.076440482 0.032811621 0.037210290 0.027874335 0.069549110 0.027888082 0.041046894 0.081169985 0.031000152 0.031580061 0.033831830 0.038176774 0.055936313 0.000000000 0.037306853 0.060840863 0.143252648 0.038494206 0.039536321 0.008414323 0.278157816 0.056702015 0.055689893 0.011433212 0.027551429 0.063826363 0.040581480 0.058411027 0.015515967 0.066517532 0.059497679 0.186538666 0.171057655 0.009236872 0.009623245 0.031621290 0.056470606 0.066210863 0.059500005 0.061471966 0.068619625 0.065946912 0.061199274 0.015137102 0.172439444 0.052831712 0.046419221 0.051464481 0.051699379 0.065270798 0.013652809 0.040650923 0.035318517 0.034131167 0.342368911 0.043124875 0.097203204 0.057133173 0.027242629 0.037121771 0.039125112 0.196115864 2.127881493 0.026589285 0.027816324 0.186740018 0.083816450 0.074213669 0.048348225 0.040348228 0.074851317 0.323090818 0.029073886 0.166690530 0.204940734 0.315045893 0.318145361 0.182750801 0.155741828 0.164884816 0.076056172 0.029729739 0.028433220 0.056303479 0.074868941 0.072266553 0.075268993 0.087273307 0.064878262 0.042457850 0.060394396 0.127041667 0.170081766 0.044847691 0.099830500 0.076880323 0.079387611 0.075689347 0.077032842 0.323186055 0.050059007 0.315151493 0.162312724 0.077597456 0.047022531 0.165139761 0.077450043 0.219569103 0.077916011 0.211460973 0.077654094 0.028497834 0.029724409 0.069547782 0.072840118 0.079967861 0.078503137 0.328820262 0.078596653 0.281741532 0.163163995 0.157404997 0.160560169 0.115225376 0.285232794 0.074187252 0.038539613 0.070149980 0.079686623 0.079674386 0.075540665 0.076771632 0.077874374 0.048145956 0.046227152 0.065621844 0.030348576 0.040280887 0.037068620 0.032222157 0.065604567 0.010201381 0.010201381 0.055769197 0.080818738 0.052014618 0.073743760 0.082562111 0.107702882 0.076342047 0.144956686 0.076733487 0.074096100 0.074821130 0.075509887 0.072128115 2.123387685 0.035369550 0.148440424 0.191495530 0.307088421 0.309259659 0.082994561 0.051055222 0.464300052 0.171177188 0.074843373 0.022817414 0.022276941 0.073845920 0.021890791 0.022549506 0.025080425 0.064770632 0.085993223 0.069807981 0.070960931 0.072293480 0.051279044 0.038891711 0.023571878 0.038713109 0.023570270 0.042298515 0.044318661 0.037837935 0.037886783 0.244973125 0.258245336 0.108283165 0.026981931 0.077716124 0.043948227 0.038466484 0.022089052 
GCA_000323505.1_ASM32350v1_genomic               0.057683507 0.085387163 0.057325567 0.026472695 0.051616277 0.058075774 0.052909655 0.067176338 0.069388843 0.055497786 0.056063896 0.058676165 0.063108392 0.044749749 0.037306853 0.000000000 0.051422606 0.127579974 0.027718550 0.015667721 0.037326660 0.262285525 0.046101787 0.044549133 0.032763796 0.053440171 0.052443910 0.030179802 0.047186115 0.040030580 0.054956657 0.048171900 0.171480506 0.155595755 0.038875225 0.038571850 0.055497508 0.045282240 0.053964067 0.048159309 0.051387549 0.057001320 0.055141505 0.049861902 0.036637392 0.156820099 0.029711334 0.034769160 0.027536986 0.028564594 0.053852399 0.038423785 0.065758039 0.059701985 0.058547927 0.322240484 0.068868211 0.084938630 0.082828800 0.051587262 0.062158575 0.028338409 0.184207145 2.127331744 0.050879229 0.052139812 0.174263827 0.091834596 0.062626800 0.073257563 0.029544603 0.063254492 0.303437777 0.053457068 0.151370088 0.189309318 0.296581666 0.298602511 0.167022951 0.141425405 0.150351252 0.102304633 0.054163298 0.053467932 0.045776917 0.063269507 0.062001401 0.063602539 0.075355230 0.053514695 0.031562388 0.049640076 0.110670480 0.155415864 0.032680327 0.088003241 0.063688364 0.066158691 0.064048889 0.065361082 0.303343671 0.039004655 0.295658699 0.147808094 0.065927678 0.034739657 0.150576176 0.065804930 0.201764599 0.066200755 0.195266935 0.065975114 0.052897343 0.053509672 0.077690752 0.061291026 0.066737563 0.066780570 0.309858870 0.067413891 0.265006917 0.148674788 0.143096742 0.146156199 0.104132857 0.268412360 0.062605402 0.026518833 0.058667309 0.068046139 0.068035838 0.063925144 0.065142184 0.064712629 0.024684328 0.022845447 0.054228284 0.054799969 0.065008855 0.061413460 0.056740806 0.054214206 0.033466675 0.033466675 0.043970698 0.069094711 0.040911627 0.062138985 0.071413155 0.095761149 0.065335020 0.132447201 0.065111303 0.062529558 0.063229031 0.063899767 0.060602130 2.121619552 0.060009959 0.142231306 0.183818876 0.300471618 0.292429855 0.069898758 0.041045681 0.445944048 0.164388338 0.065086484 0.014159880 0.016521828 0.062219837 0.016096326 0.016099445 0.020974647 0.056573393 0.074214461 0.058257615 0.060843698 0.061289242 0.041459537 0.029241106 0.013116474 0.032696368 0.013290274 0.032047285 0.034626359 0.028311067 0.028347141 0.229444936 0.243629476 0.096388664 0.019345909 0.069006753 0.039152917 0.028927029 0.013940104 
