Character to attribute mapping:
  A: 0.ANT
  B: 0.PE
  C: 0.PRE
  D: 1.ANT
  E: 1.IN
  F: 1.ORI
  G: 1.PRE
  H: 2.ANT
  I: 2.MED
  J: 3.ANT
  K: 4.ANT
  L: ?


Substitution rate (mu): 8.384559

Equilibrium frequencies (pi_i):
  A: 0.0938
  B: 0.0884
  C: 0.0919
  D: 0.0888
  E: 0.0882
  F: 0.0984
  G: 0.0876
  H: 0.0897
  I: 0.0965
  J: 0.0884
  K: 0.0884

Symmetrized rates from j->i (W_ij):
	A	B	C	D	E	F	G	H	I	J	K
  A	0	1.5029	1.0082	1.0088	1.0056	0.9972	1.2626	1.1074	1.0992	1.2301	1.2301
  B	1.5029	0	1.5167	1.0113	1.0082	1.0006	1.0084	1.0069	1.0009	1.0109	1.0109
  C	1.0082	1.5167	0	1.0184	1.0151	1.0078	1.0151	1.0138	1.008	1.0178	1.0178
  D	1.0088	1.0113	1.0184	0	1.3546	1.0086	1.3543	1.0143	1.0088	1.0182	1.0182
  E	1.0056	1.0082	1.0151	1.3546	0	1.5088	1.3494	1.0111	1.0054	1.015	1.015
  F	0.9972	1.0006	1.0078	1.0086	1.5088	0	1.0052	1.0036	0.9968	1.0079	1.0079
  G	1.2626	1.0084	1.0151	1.3543	1.3494	1.0052	0	1.2361	1.2275	1.121	1.121
  H	1.1074	1.0069	1.0138	1.0143	1.0111	1.0036	1.2361	0	1.4013	1.0535	1.0535
  I	1.0992	1.0009	1.008	1.0088	1.0054	0.9968	1.2275	1.4013	0	1.0472	1.0472
  J	1.2301	1.0109	1.0178	1.0182	1.015	1.0079	1.121	1.0535	1.0472	0	1.4223
  K	1.2301	1.0109	1.0178	1.0182	1.015	1.0079	1.121	1.0535	1.0472	1.4223	0

Actual rates from j->i (Q_ij):
	A	B	C	D	E	F	G	H	I	J	K
  A	0	0.141	0.0946	0.0947	0.0943	0.0936	0.1185	0.1039	0.1031	0.1154	0.1154
  B	0.1328	0	0.1341	0.0894	0.0891	0.0884	0.0891	0.089	0.0885	0.0893	0.0893
  C	0.0927	0.1395	0	0.0936	0.0933	0.0927	0.0933	0.0932	0.0927	0.0936	0.0936
  D	0.0895	0.0898	0.0904	0	0.1202	0.0895	0.1202	0.09	0.0895	0.0904	0.0904
  E	0.0887	0.0889	0.0895	0.1195	0	0.1331	0.119	0.0892	0.0887	0.0895	0.0895
  F	0.0982	0.0985	0.0992	0.0993	0.1485	0	0.0989	0.0988	0.0981	0.0992	0.0992
  G	0.1106	0.0883	0.0889	0.1187	0.1182	0.0881	0	0.1083	0.1075	0.0982	0.0982
  H	0.0993	0.0903	0.0909	0.0909	0.0907	0.09	0.1108	0	0.1256	0.0945	0.0945
  I	0.106	0.0966	0.0972	0.0973	0.097	0.0962	0.1184	0.1352	0	0.101	0.101
  J	0.1087	0.0893	0.0899	0.09	0.0897	0.0891	0.0991	0.0931	0.0925	0	0.1257
  K	0.1087	0.0893	0.0899	0.09	0.0897	0.0891	0.0991	0.0931	0.0925	0.1257	0

