Character to attribute mapping:
  h: ?
  A: Algeria
  B: Armenia
  C: Azerbaijan
  D: Bolivia
  E: Brazil
  F: Canada
  G: China
  H: Democratic Republic of the Congo
  I: England
  J: Estonia
  K: France
  L: Georgia
  M: Germany
  N: India
  O: Indonesia
  P: Iran
  Q: Italy
  R: Kazakhstan
  S: Kenya
  T: Kyrgyzstan
  U: Lithuania
  V: Madagascar
  W: Mongolia
  X: Myanmar
  Y: Nepal
  Z: Norway
  [: Peru
  \: Poland
  ]: Russia
  ^: Spain
  _: Switzerland
  `: Tajikistan
  a: The Netherlands
  b: Turkmenistan
  c: Uganda
  d: United States of America
  e: Uzbekistan
  f: Vietnam
  g: Zimbabwe


Substitution rate (mu): 77.504616

Equilibrium frequencies (pi_i):
  A: 0.0273
  B: 0.028
  C: 0.025
  D: 0.027
  E: 0.0268
  F: 0.0278
  G: 0.0235
  H: 0.0275
  I: 0.027
  J: 0.0268
  K: 0.0277
  L: 0.0288
  M: 0.0253
  N: 0.0207
  O: 0.0257
  P: 0.0278
  Q: 0.0277
  R: 0.0163
  S: 0.0265
  T: 0.0187
  U: 0.0273
  V: 0.023
  W: 0.0194
  X: 0.0246
  Y: 0.0266
  Z: 0.0277
  [: 0.0303
  \: 0.0281
  ]: 0.0158
  ^: 0.028
  _: 0.0281
  `: 0.0266
  a: 0.0242
  b: 0.0274
  c: 0.0274
  d: 0.0242
  e: 0.0275
  f: 0.0247
  g: 0.0273

Symmetrized rates from j->i (W_ij):
	A	B	C	D	E	F	G	H	I	J	K	L	M	N	O	P	Q	R	S	T	U	V	W	X	Y	Z	[	\	]	^	_	`	a	b	c	d	e	f	g
  A	0	0.9745	0.9744	1.0164	1.0857	0.9746	1.0622	0.975	0.9748	0.9746	0.9747	0.9744	0.9747	1.0833	0.9749	0.9746	0.9747	0.9737	0.9751	0.9749	0.9746	0.975	0.9741	0.9747	0.9748	0.9747	1.019	0.9746	0.9735	0.9749	0.9745	0.9748	0.9752	0.9746	0.975	0.9744	0.9746	0.9746	1.3729
  B	0.9745	0	2.3885	0.9744	0.9746	0.974	1.0084	0.9744	0.9742	0.9741	0.9741	2.4497	0.9742	0.9746	0.9741	0.9741	0.9741	0.9738	0.9745	0.9743	0.974	0.9742	0.9736	0.974	0.9741	0.9741	0.9727	0.974	1.2359	0.9743	0.9738	0.9742	0.9746	0.9741	0.9744	0.9736	0.974	0.9739	0.9745
  C	0.9744	2.3885	0	0.9743	0.9745	0.974	0.9922	0.9743	0.9742	0.9741	0.9741	0.9773	0.9744	0.9745	0.9741	1.3915	0.9741	2.3112	0.9744	0.9745	0.974	0.9743	0.9737	0.974	0.9741	0.9741	0.9728	0.974	3.3353	0.9742	0.9738	0.9744	0.9746	1.0011	0.9743	0.9736	0.974	0.9739	0.9744
  D	1.0164	0.9744	0.9743	0	1.1852	0.9746	1.0099	0.9749	0.9747	0.9746	0.9746	0.9743	0.9747	1.0223	0.9747	0.9745	0.9746	0.9736	0.9751	0.9747	0.9745	0.9748	0.974	0.9746	0.9747	0.9747	1.3634	0.9746	0.9732	0.9748	0.9744	0.9747	0.9751	0.9746	0.9749	0.9743	0.9746	0.9745	1.0164
  E	1.0857	0.9746	0.9745	1.1852	0	0.9748	1.076	0.9751	0.9749	0.9748	0.9748	0.9745	0.9749	1.0983	0.975	0.9747	0.9748	0.9738	0.9753	0.975	0.9747	0.9751	0.9743	0.9748	0.975	0.9749	1.1967	0.9748	0.9737	0.975	0.9746	0.9749	0.9753	0.9747	0.9752	0.9746	0.9748	0.9747	1.0857
  F	0.9746	0.974	0.974	0.9746	0.9748	0	0.969	0.9745	0.9743	0.9742	0.9742	0.9739	0.9743	0.9746	0.9743	0.9741	0.9742	0.9733	0.9746	0.9743	0.9741	0.9743	0.9736	0.9742	0.9743	0.9743	0.9729	0.9742	0.9725	0.9744	0.974	0.9743	0.9747	0.9742	0.9745	1.462	0.9742	0.9741	0.9746
  G	1.0622	1.0084	0.9922	1.0099	1.076	0.969	0	1.052	1.0729	0.97	0.9789	0.9687	1.1864	2.3297	1.2984	0.9692	0.9796	1.9147	1.1767	3.1479	0.9706	1.6686	2.8095	1.4557	1.1527	0.9763	1.0131	0.969	5.9142	0.9993	0.9689	1.1072	1.3373	0.9694	1.0522	1.4559	0.9729	1.4568	1.0622
  H	0.975	0.9744	0.9743	0.9749	0.9751	0.9745	1.052	0	0.9747	0.9745	0.9747	0.9742	0.9748	0.9751	0.9747	0.9745	0.9746	0.9736	1.1821	0.9748	0.9745	0.9747	0.974	0.9746	0.9746	0.9746	0.9733	0.9745	0.9771	0.9748	0.9743	0.9747	1.0507	0.9745	1.3617	0.9741	0.9745	0.9745	0.975
  I	0.9748	0.9742	0.9742	0.9747	0.9749	0.9743	1.0729	0.9747	0	0.9744	0.9861	0.9741	2.7684	0.9749	0.9745	0.9743	0.9775	0.9737	0.9748	1.2342	0.9759	0.9745	0.9739	0.9744	0.9744	1.0173	0.9731	0.9743	1.4802	1.1709	0.9743	0.9747	0.9831	0.9743	0.9747	0.9739	0.9743	0.9743	0.9748
  J	0.9746	0.9741	0.9741	0.9746	0.9748	0.9742	0.97	0.9745	0.9744	0	0.9743	0.9739	0.9769	0.9746	0.9743	0.9742	0.9743	0.9734	0.9746	0.9744	0.9779	0.9743	0.9736	0.9742	0.9743	0.9743	0.9729	0.9742	1.457	0.9744	0.974	0.9744	0.9747	0.9742	0.9745	0.9737	0.9742	0.9741	0.9746
  K	0.9747	0.9741	0.9741	0.9746	0.9748	0.9742	0.9789	0.9747	0.9861	0.9743	0	0.9739	1.7699	0.9747	0.9743	0.9742	0.9796	0.9735	0.975	0.9748	0.9743	0.9744	0.9737	0.9742	0.9743	0.9897	0.9729	0.9742	1.5109	0.9777	0.9741	0.9744	1.2665	0.9742	0.9747	0.9738	0.9742	0.9741	0.9747
  L	0.9744	2.4497	0.9773	0.9743	0.9745	0.9739	0.9687	0.9742	0.9741	0.9739	0.9739	0	0.974	0.9744	0.974	0.9739	0.9739	0.9731	0.9744	0.9741	0.9738	0.9741	0.9733	0.9739	0.974	0.974	0.9725	0.9739	0.9732	0.9741	0.9737	0.9741	0.9744	0.9739	0.9743	0.9734	0.9739	0.9738	0.9744
  M	0.9747	0.9742	0.9744	0.9747	0.9749	0.9743	1.1864	0.9748	2.7684	0.9769	1.7699	0.974	0	0.9749	0.9744	0.9743	1.4416	0.974	0.9752	1.1017	1.4653	0.9746	0.9741	0.9743	0.9744	1.3993	0.9731	0.9743	2.2972	1.8468	1.4642	0.9747	1.2165	0.9743	0.9748	0.9739	0.9743	0.9742	0.9747
  N	1.0833	0.9746	0.9745	1.0223	1.0983	0.9746	2.3297	0.9751	0.9749	0.9746	0.9747	0.9744	0.9749	0	0.9761	0.9746	0.9747	0.974	0.9753	0.9752	0.9746	0.9767	0.9744	0.9747	1.3473	0.9747	1.527	0.9746	1.4603	0.9749	0.9745	0.9749	0.9753	0.9746	0.9751	0.9789	0.9746	0.9746	1.0833
  O	0.9749	0.9741	0.9741	0.9747	0.975	0.9743	1.2984	0.9747	0.9745	0.9743	0.9743	0.974	0.9744	0.9761	0	0.9742	0.9743	0.9735	0.9748	0.9746	0.9742	1.2394	0.9739	0.9743	0.9744	0.9744	0.9732	0.9743	0.9739	0.9745	0.9741	0.9745	0.9749	0.9743	0.9747	0.9756	0.9743	0.9743	0.9749
  P	0.9746	0.9741	1.3915	0.9745	0.9747	0.9741	0.9692	0.9745	0.9743	0.9742	0.9742	0.9739	0.9743	0.9746	0.9742	0	0.9742	0.9795	0.9746	0.9743	0.9741	0.9743	0.9736	0.9742	0.9742	0.9742	0.9728	0.9741	1.0707	0.9744	0.974	0.9743	0.9747	0.9742	0.9745	0.9737	0.9742	0.974	0.9746
  Q	0.9747	0.9741	0.9741	0.9746	0.9748	0.9742	0.9796	0.9746	0.9775	0.9743	0.9796	0.9739	1.4416	0.9747	0.9743	0.9742	0	0.9734	0.9747	0.9744	0.9742	0.9744	0.9736	0.9742	0.9743	0.9787	0.9729	0.9742	1.002	0.9751	0.9741	0.9744	0.9795	0.9742	0.9746	0.9738	0.9742	0.9741	0.9747
  R	0.9737	0.9738	2.3112	0.9736	0.9738	0.9733	1.9147	0.9736	0.9737	0.9734	0.9735	0.9731	0.974	0.974	0.9735	0.9795	0.9734	0	0.9738	1.4559	0.9733	0.974	0.9735	0.9734	0.9734	0.9734	0.9725	0.9732	6.9494	0.9735	0.9731	0.9742	0.974	3.5485	0.9736	0.9731	1.4567	0.9733	0.9737
  S	0.9751	0.9745	0.9744	0.9751	0.9753	0.9746	1.1767	1.1821	0.9748	0.9746	0.975	0.9744	0.9752	0.9753	0.9748	0.9746	0.9747	0.9738	0	0.975	0.9746	0.9749	0.9743	0.9747	0.9748	0.9748	0.9735	0.9746	0.9828	0.9749	0.9745	0.9748	1.1637	0.9746	1.1824	0.9743	0.9747	0.9746	0.9751
  T	0.9749	0.9743	0.9745	0.9747	0.975	0.9743	3.1479	0.9748	1.2342	0.9744	0.9748	0.9741	1.1017	0.9752	0.9746	0.9743	0.9744	1.4559	0.975	0	0.9744	0.9748	0.9914	0.9744	0.9745	0.9745	0.9736	0.9743	1.1574	1.0547	0.9742	1.3019	0.9752	0.9744	0.9748	0.9741	0.9818	0.9743	0.9749
  U	0.9746	0.974	0.974	0.9745	0.9747	0.9741	0.9706	0.9745	0.9759	0.9779	0.9743	0.9738	1.4653	0.9746	0.9742	0.9741	0.9742	0.9733	0.9746	0.9744	0	0.9743	0.9736	0.9741	0.9742	0.9743	0.9728	1.4628	1.4576	0.9744	0.9739	0.9743	0.9747	0.9741	0.9745	0.9737	0.9741	0.974	0.9746
  V	0.975	0.9742	0.9743	0.9748	0.9751	0.9743	1.6686	0.9747	0.9745	0.9743	0.9744	0.9741	0.9746	0.9767	1.2394	0.9743	0.9744	0.974	0.9749	0.9748	0.9743	0	0.9742	0.9744	0.9745	0.9744	0.9734	0.9743	1.1711	0.9745	0.9742	0.9745	0.975	0.9743	0.9747	0.976	0.9743	0.9743	0.975
  W	0.9741	0.9736	0.9737	0.974	0.9743	0.9736	2.8095	0.974	0.9739	0.9736	0.9737	0.9733	0.9741	0.9744	0.9739	0.9736	0.9736	0.9735	0.9743	0.9914	0.9736	0.9742	0	0.9737	0.9738	0.9737	0.9728	0.9736	2.133	0.9738	0.9734	0.974	0.9744	0.9736	0.9741	0.9734	0.9736	0.9736	0.9741
  X	0.9747	0.974	0.974	0.9746	0.9748	0.9742	1.4557	0.9746	0.9744	0.9742	0.9742	0.9739	0.9743	0.9747	0.9743	0.9742	0.9742	0.9734	0.9747	0.9744	0.9741	0.9744	0.9737	0	0.9743	0.9743	0.9731	0.9742	0.9729	0.9744	0.974	0.9744	0.9747	0.9742	0.9746	0.9738	0.9742	0.977	0.9747
  Y	0.9748	0.9741	0.9741	0.9747	0.975	0.9743	1.1527	0.9746	0.9744	0.9743	0.9743	0.974	0.9744	1.3473	0.9744	0.9742	0.9743	0.9734	0.9748	0.9745	0.9742	0.9745	0.9738	0.9743	0	0.9744	0.9732	0.9743	0.9731	0.9745	0.9741	0.9744	0.9748	0.9742	0.9747	0.9738	0.9743	0.9742	0.9748
  Z	0.9747	0.9741	0.9741	0.9747	0.9749	0.9743	0.9763	0.9746	1.0173	0.9743	0.9897	0.974	1.3993	0.9747	0.9744	0.9742	0.9787	0.9734	0.9748	0.9745	0.9743	0.9744	0.9737	0.9743	0.9744	0	0.973	0.9743	1.0015	0.9853	0.9741	0.9744	0.9885	0.9743	0.9746	0.9738	0.9743	0.9742	0.9747
  [	1.019	0.9727	0.9728	1.3634	1.1967	0.9729	1.0131	0.9733	0.9731	0.9729	0.9729	0.9725	0.9731	1.527	0.9732	0.9728	0.9729	0.9725	0.9735	0.9736	0.9728	0.9734	0.9728	0.9731	0.9732	0.973	0	0.9729	0.9721	0.9731	0.9727	0.9731	0.9736	0.9729	0.9733	1.4619	0.9729	0.973	1.019
  \	0.9746	0.974	0.974	0.9746	0.9748	0.9742	0.969	0.9745	0.9743	0.9742	0.9742	0.9739	0.9743	0.9746	0.9743	0.9741	0.9742	0.9732	0.9746	0.9743	1.4628	0.9743	0.9736	0.9742	0.9743	0.9743	0.9729	0	0.9725	0.9744	0.974	0.9743	0.9747	0.9742	0.9745	0.9737	0.9742	0.9741	0.9746
  ]	0.9735	1.2359	3.3353	0.9732	0.9737	0.9725	5.9142	0.9771	1.4802	1.457	1.5109	0.9732	2.2972	1.4603	0.9739	1.0707	1.002	6.9494	0.9828	1.1574	1.4576	1.1711	2.133	0.9729	0.9731	1.0015	0.9721	0.9725	0	0.9774	0.9725	1.1114	1.4953	1.3568	0.9771	0.9727	0.973	0.9728	0.9735
  ^	0.9749	0.9743	0.9742	0.9748	0.975	0.9744	0.9993	0.9748	1.1709	0.9744	0.9777	0.9741	1.8468	0.9749	0.9745	0.9744	0.9751	0.9735	0.9749	1.0547	0.9744	0.9745	0.9738	0.9744	0.9745	0.9853	0.9731	0.9744	0.9774	0	0.9743	0.9746	0.9768	0.9744	0.9748	0.9739	0.9744	0.9743	0.9749
  _	0.9745	0.9738	0.9738	0.9744	0.9746	0.974	0.9689	0.9743	0.9743	0.974	0.9741	0.9737	1.4642	0.9745	0.9741	0.974	0.9741	0.9731	0.9745	0.9742	0.9739	0.9742	0.9734	0.974	0.9741	0.9741	0.9727	0.974	0.9725	0.9743	0	0.9741	0.9746	0.974	0.9744	0.9735	0.974	0.9739	0.9745
  `	0.9748	0.9742	0.9744	0.9747	0.9749	0.9743	1.1072	0.9747	0.9747	0.9744	0.9744	0.9741	0.9747	0.9749	0.9745	0.9743	0.9744	0.9742	0.9748	1.3019	0.9743	0.9745	0.974	0.9744	0.9744	0.9744	0.9731	0.9743	1.1114	0.9746	0.9741	0	0.9749	0.9744	0.9747	0.9739	0.9743	0.9743	0.9748
  a	0.9752	0.9746	0.9746	0.9751	0.9753	0.9747	1.3373	1.0507	0.9831	0.9747	1.2665	0.9744	1.2165	0.9753	0.9749	0.9747	0.9795	0.974	1.1637	0.9752	0.9747	0.975	0.9744	0.9747	0.9748	0.9885	0.9736	0.9747	1.4953	0.9768	0.9746	0.9749	0	0.9747	1.0509	0.9743	0.9747	0.9746	0.9752
  b	0.9746	0.9741	1.0011	0.9746	0.9747	0.9742	0.9694	0.9745	0.9743	0.9742	0.9742	0.9739	0.9743	0.9746	0.9743	0.9742	0.9742	3.5485	0.9746	0.9744	0.9741	0.9743	0.9736	0.9742	0.9742	0.9743	0.9729	0.9742	1.3568	0.9744	0.974	0.9744	0.9747	0	0.9745	0.9737	0.9742	0.9741	0.9746
  c	0.975	0.9744	0.9743	0.9749	0.9752	0.9745	1.0522	1.3617	0.9747	0.9745	0.9747	0.9743	0.9748	0.9751	0.9747	0.9745	0.9746	0.9736	1.1824	0.9748	0.9745	0.9747	0.9741	0.9746	0.9747	0.9746	0.9733	0.9745	0.9771	0.9748	0.9744	0.9747	1.0509	0.9745	0	0.9741	0.9746	0.9745	0.975
  d	0.9744	0.9736	0.9736	0.9743	0.9746	1.462	1.4559	0.9741	0.9739	0.9737	0.9738	0.9734	0.9739	0.9789	0.9756	0.9737	0.9738	0.9731	0.9743	0.9741	0.9737	0.976	0.9734	0.9738	0.9738	0.9738	1.4619	0.9737	0.9727	0.9739	0.9735	0.9739	0.9743	0.9737	0.9741	0	0.9737	0.9738	0.9744
  e	0.9746	0.974	0.974	0.9746	0.9748	0.9742	0.9729	0.9745	0.9743	0.9742	0.9742	0.9739	0.9743	0.9746	0.9743	0.9742	0.9742	1.4567	0.9747	0.9818	0.9741	0.9743	0.9736	0.9742	0.9743	0.9743	0.9729	0.9742	0.973	0.9744	0.974	0.9743	0.9747	0.9742	0.9746	0.9737	0	0.9741	0.9746
  f	0.9746	0.9739	0.9739	0.9745	0.9747	0.9741	1.4568	0.9745	0.9743	0.9741	0.9741	0.9738	0.9742	0.9746	0.9743	0.974	0.9741	0.9733	0.9746	0.9743	0.974	0.9743	0.9736	0.977	0.9742	0.9742	0.973	0.9741	0.9728	0.9743	0.9739	0.9743	0.9746	0.9741	0.9745	0.9738	0.9741	0	0.9746
  g	1.3729	0.9745	0.9744	1.0164	1.0857	0.9746	1.0622	0.975	0.9748	0.9746	0.9747	0.9744	0.9747	1.0833	0.9749	0.9746	0.9747	0.9737	0.9751	0.9749	0.9746	0.975	0.9741	0.9747	0.9748	0.9747	1.019	0.9746	0.9735	0.9749	0.9745	0.9748	0.9752	0.9746	0.975	0.9744	0.9746	0.9746	0

Actual rates from j->i (Q_ij):
	A	B	C	D	E	F	G	H	I	J	K	L	M	N	O	P	Q	R	S	T	U	V	W	X	Y	Z	[	\	]	^	_	`	a	b	c	d	e	f	g
  A	0	0.0266	0.0266	0.0277	0.0296	0.0266	0.029	0.0266	0.0266	0.0266	0.0266	0.0266	0.0266	0.0295	0.0266	0.0266	0.0266	0.0266	0.0266	0.0266	0.0266	0.0266	0.0266	0.0266	0.0266	0.0266	0.0278	0.0266	0.0265	0.0266	0.0266	0.0266	0.0266	0.0266	0.0266	0.0266	0.0266	0.0266	0.0374
  B	0.0273	0	0.067	0.0273	0.0273	0.0273	0.0283	0.0273	0.0273	0.0273	0.0273	0.0687	0.0273	0.0273	0.0273	0.0273	0.0273	0.0273	0.0273	0.0273	0.0273	0.0273	0.0273	0.0273	0.0273	0.0273	0.0273	0.0273	0.0347	0.0273	0.0273	0.0273	0.0273	0.0273	0.0273	0.0273	0.0273	0.0273	0.0273
  C	0.0243	0.0596	0	0.0243	0.0243	0.0243	0.0248	0.0243	0.0243	0.0243	0.0243	0.0244	0.0243	0.0243	0.0243	0.0347	0.0243	0.0577	0.0243	0.0243	0.0243	0.0243	0.0243	0.0243	0.0243	0.0243	0.0243	0.0243	0.0833	0.0243	0.0243	0.0243	0.0243	0.025	0.0243	0.0243	0.0243	0.0243	0.0243
  D	0.0274	0.0263	0.0263	0	0.032	0.0263	0.0273	0.0263	0.0263	0.0263	0.0263	0.0263	0.0263	0.0276	0.0263	0.0263	0.0263	0.0263	0.0263	0.0263	0.0263	0.0263	0.0263	0.0263	0.0263	0.0263	0.0368	0.0263	0.0263	0.0263	0.0263	0.0263	0.0263	0.0263	0.0263	0.0263	0.0263	0.0263	0.0274
  E	0.0291	0.0261	0.0261	0.0318	0	0.0261	0.0288	0.0261	0.0261	0.0261	0.0261	0.0261	0.0261	0.0294	0.0261	0.0261	0.0261	0.0261	0.0261	0.0261	0.0261	0.0261	0.0261	0.0261	0.0261	0.0261	0.0321	0.0261	0.0261	0.0261	0.0261	0.0261	0.0261	0.0261	0.0261	0.0261	0.0261	0.0261	0.0291
  F	0.0271	0.0271	0.0271	0.0271	0.0271	0	0.027	0.0271	0.0271	0.0271	0.0271	0.0271	0.0271	0.0271	0.0271	0.0271	0.0271	0.0271	0.0271	0.0271	0.0271	0.0271	0.0271	0.0271	0.0271	0.0271	0.0271	0.0271	0.0271	0.0271	0.0271	0.0271	0.0271	0.0271	0.0271	0.0407	0.0271	0.0271	0.0271
  G	0.025	0.0237	0.0233	0.0238	0.0253	0.0228	0	0.0248	0.0252	0.0228	0.023	0.0228	0.0279	0.0548	0.0306	0.0228	0.0231	0.0451	0.0277	0.0741	0.0228	0.0393	0.0661	0.0343	0.0271	0.023	0.0238	0.0228	0.1392	0.0235	0.0228	0.0261	0.0315	0.0228	0.0248	0.0343	0.0229	0.0343	0.025
  H	0.0268	0.0268	0.0268	0.0268	0.0268	0.0268	0.0289	0	0.0268	0.0268	0.0268	0.0268	0.0268	0.0268	0.0268	0.0268	0.0268	0.0267	0.0325	0.0268	0.0268	0.0268	0.0268	0.0268	0.0268	0.0268	0.0267	0.0268	0.0268	0.0268	0.0268	0.0268	0.0289	0.0268	0.0374	0.0268	0.0268	0.0268	0.0268
  I	0.0263	0.0263	0.0263	0.0263	0.0263	0.0263	0.0289	0.0263	0	0.0263	0.0266	0.0263	0.0746	0.0263	0.0263	0.0263	0.0264	0.0262	0.0263	0.0333	0.0263	0.0263	0.0263	0.0263	0.0263	0.0274	0.0262	0.0263	0.0399	0.0316	0.0263	0.0263	0.0265	0.0263	0.0263	0.0263	0.0263	0.0263	0.0263
  J	0.0261	0.0261	0.0261	0.0261	0.0262	0.0261	0.026	0.0261	0.0261	0	0.0261	0.0261	0.0262	0.0261	0.0261	0.0261	0.0261	0.0261	0.0261	0.0261	0.0262	0.0261	0.0261	0.0261	0.0261	0.0261	0.0261	0.0261	0.0391	0.0261	0.0261	0.0261	0.0262	0.0261	0.0261	0.0261	0.0261	0.0261	0.0261
  K	0.027	0.027	0.027	0.027	0.027	0.027	0.0271	0.027	0.0273	0.027	0	0.027	0.0491	0.027	0.027	0.027	0.0271	0.027	0.027	0.027	0.027	0.027	0.027	0.027	0.027	0.0274	0.027	0.027	0.0419	0.0271	0.027	0.027	0.0351	0.027	0.027	0.027	0.027	0.027	0.027
  L	0.028	0.0705	0.0281	0.028	0.028	0.028	0.0279	0.028	0.028	0.028	0.028	0	0.028	0.028	0.028	0.028	0.028	0.028	0.028	0.028	0.028	0.028	0.028	0.028	0.028	0.028	0.028	0.028	0.028	0.028	0.028	0.028	0.028	0.028	0.028	0.028	0.028	0.028	0.028
  M	0.0246	0.0246	0.0246	0.0246	0.0246	0.0246	0.03	0.0246	0.0699	0.0247	0.0447	0.0246	0	0.0246	0.0246	0.0246	0.0364	0.0246	0.0246	0.0278	0.037	0.0246	0.0246	0.0246	0.0246	0.0353	0.0246	0.0246	0.058	0.0466	0.037	0.0246	0.0307	0.0246	0.0246	0.0246	0.0246	0.0246	0.0246
  N	0.0224	0.0201	0.0201	0.0211	0.0227	0.0201	0.0481	0.0201	0.0201	0.0201	0.0201	0.0201	0.0201	0	0.0202	0.0201	0.0201	0.0201	0.0202	0.0201	0.0201	0.0202	0.0201	0.0201	0.0278	0.0201	0.0316	0.0201	0.0302	0.0201	0.0201	0.0201	0.0202	0.0201	0.0201	0.0202	0.0201	0.0201	0.0224
  O	0.025	0.025	0.025	0.025	0.025	0.025	0.0333	0.025	0.025	0.025	0.025	0.025	0.025	0.025	0	0.025	0.025	0.025	0.025	0.025	0.025	0.0318	0.025	0.025	0.025	0.025	0.025	0.025	0.025	0.025	0.025	0.025	0.025	0.025	0.025	0.025	0.025	0.025	0.025
  P	0.0271	0.027	0.0386	0.0271	0.0271	0.027	0.0269	0.0271	0.027	0.027	0.027	0.027	0.027	0.0271	0.027	0	0.027	0.0272	0.0271	0.027	0.027	0.027	0.027	0.027	0.027	0.027	0.027	0.027	0.0297	0.027	0.027	0.027	0.0271	0.027	0.0271	0.027	0.027	0.027	0.0271
  Q	0.027	0.027	0.027	0.027	0.027	0.027	0.0271	0.027	0.0271	0.027	0.0271	0.027	0.0399	0.027	0.027	0.027	0	0.027	0.027	0.027	0.027	0.027	0.027	0.027	0.027	0.0271	0.0269	0.027	0.0278	0.027	0.027	0.027	0.0271	0.027	0.027	0.027	0.027	0.027	0.027
  R	0.0158	0.0159	0.0376	0.0158	0.0159	0.0158	0.0312	0.0158	0.0158	0.0158	0.0158	0.0158	0.0159	0.0159	0.0158	0.0159	0.0158	0	0.0159	0.0237	0.0158	0.0159	0.0158	0.0158	0.0158	0.0158	0.0158	0.0158	0.1131	0.0158	0.0158	0.0159	0.0159	0.0578	0.0158	0.0158	0.0237	0.0158	0.0158
  S	0.0258	0.0258	0.0258	0.0258	0.0258	0.0258	0.0311	0.0313	0.0258	0.0258	0.0258	0.0258	0.0258	0.0258	0.0258	0.0258	0.0258	0.0258	0	0.0258	0.0258	0.0258	0.0258	0.0258	0.0258	0.0258	0.0258	0.0258	0.026	0.0258	0.0258	0.0258	0.0308	0.0258	0.0313	0.0258	0.0258	0.0258	0.0258
  T	0.0183	0.0182	0.0183	0.0183	0.0183	0.0182	0.059	0.0183	0.0231	0.0182	0.0183	0.0182	0.0206	0.0183	0.0183	0.0182	0.0182	0.0273	0.0183	0	0.0182	0.0183	0.0186	0.0182	0.0183	0.0183	0.0182	0.0182	0.0217	0.0198	0.0182	0.0244	0.0183	0.0182	0.0183	0.0182	0.0184	0.0182	0.0183
  U	0.0266	0.0266	0.0266	0.0266	0.0266	0.0266	0.0265	0.0266	0.0267	0.0267	0.0266	0.0266	0.0401	0.0266	0.0266	0.0266	0.0266	0.0266	0.0266	0.0266	0	0.0266	0.0266	0.0266	0.0266	0.0266	0.0266	0.04	0.0398	0.0266	0.0266	0.0266	0.0266	0.0266	0.0266	0.0266	0.0266	0.0266	0.0266
  V	0.0225	0.0225	0.0225	0.0225	0.0225	0.0225	0.0385	0.0225	0.0225	0.0225	0.0225	0.0224	0.0225	0.0225	0.0286	0.0225	0.0225	0.0224	0.0225	0.0225	0.0225	0	0.0224	0.0225	0.0225	0.0225	0.0224	0.0225	0.027	0.0225	0.0224	0.0225	0.0225	0.0225	0.0225	0.0225	0.0225	0.0225	0.0225
  W	0.0189	0.0189	0.0189	0.0189	0.0189	0.0189	0.0546	0.0189	0.0189	0.0189	0.0189	0.0189	0.0189	0.0189	0.0189	0.0189	0.0189	0.0189	0.0189	0.0193	0.0189	0.0189	0	0.0189	0.0189	0.0189	0.0189	0.0189	0.0414	0.0189	0.0189	0.0189	0.0189	0.0189	0.0189	0.0189	0.0189	0.0189	0.0189
  X	0.024	0.0239	0.0239	0.024	0.024	0.0239	0.0358	0.024	0.0239	0.0239	0.0239	0.0239	0.0239	0.024	0.0239	0.0239	0.0239	0.0239	0.024	0.0239	0.0239	0.0239	0.0239	0	0.0239	0.0239	0.0239	0.0239	0.0239	0.0239	0.0239	0.0239	0.024	0.0239	0.024	0.0239	0.0239	0.024	0.024
  Y	0.026	0.0259	0.0259	0.026	0.026	0.0259	0.0307	0.026	0.026	0.0259	0.0259	0.0259	0.0259	0.0359	0.026	0.0259	0.0259	0.0259	0.026	0.026	0.0259	0.026	0.0259	0.0259	0	0.0259	0.0259	0.0259	0.0259	0.026	0.0259	0.026	0.026	0.0259	0.026	0.0259	0.0259	0.0259	0.026
  Z	0.027	0.027	0.027	0.027	0.027	0.027	0.0271	0.027	0.0282	0.027	0.0275	0.027	0.0388	0.027	0.027	0.027	0.0271	0.027	0.027	0.027	0.027	0.027	0.027	0.027	0.027	0	0.027	0.027	0.0278	0.0273	0.027	0.027	0.0274	0.027	0.027	0.027	0.027	0.027	0.027
  [	0.0309	0.0295	0.0295	0.0414	0.0363	0.0295	0.0307	0.0295	0.0295	0.0295	0.0295	0.0295	0.0295	0.0463	0.0295	0.0295	0.0295	0.0295	0.0295	0.0295	0.0295	0.0295	0.0295	0.0295	0.0295	0.0295	0	0.0295	0.0295	0.0295	0.0295	0.0295	0.0295	0.0295	0.0295	0.0443	0.0295	0.0295	0.0309
  \	0.0274	0.0274	0.0273	0.0274	0.0274	0.0274	0.0272	0.0274	0.0274	0.0274	0.0274	0.0273	0.0274	0.0274	0.0274	0.0274	0.0274	0.0273	0.0274	0.0274	0.0411	0.0274	0.0273	0.0274	0.0274	0.0274	0.0273	0	0.0273	0.0274	0.0273	0.0274	0.0274	0.0274	0.0274	0.0273	0.0274	0.0274	0.0274
  ]	0.0154	0.0195	0.0528	0.0154	0.0154	0.0154	0.0935	0.0155	0.0234	0.023	0.0239	0.0154	0.0363	0.0231	0.0154	0.0169	0.0158	0.1099	0.0155	0.0183	0.0231	0.0185	0.0337	0.0154	0.0154	0.0158	0.0154	0.0154	0	0.0155	0.0154	0.0176	0.0237	0.0215	0.0155	0.0154	0.0154	0.0154	0.0154
  ^	0.0273	0.0273	0.0273	0.0273	0.0273	0.0273	0.028	0.0273	0.0328	0.0273	0.0274	0.0273	0.0517	0.0273	0.0273	0.0273	0.0273	0.0273	0.0273	0.0295	0.0273	0.0273	0.0273	0.0273	0.0273	0.0276	0.0273	0.0273	0.0274	0	0.0273	0.0273	0.0274	0.0273	0.0273	0.0273	0.0273	0.0273	0.0273
  _	0.0274	0.0273	0.0273	0.0274	0.0274	0.0273	0.0272	0.0274	0.0274	0.0273	0.0274	0.0273	0.0411	0.0274	0.0274	0.0273	0.0274	0.0273	0.0274	0.0274	0.0273	0.0274	0.0273	0.0273	0.0274	0.0274	0.0273	0.0273	0.0273	0.0274	0	0.0274	0.0274	0.0273	0.0274	0.0273	0.0273	0.0273	0.0274
  `	0.0259	0.0259	0.0259	0.0259	0.0259	0.0259	0.0294	0.0259	0.0259	0.0259	0.0259	0.0259	0.0259	0.0259	0.0259	0.0259	0.0259	0.0259	0.0259	0.0346	0.0259	0.0259	0.0259	0.0259	0.0259	0.0259	0.0259	0.0259	0.0295	0.0259	0.0259	0	0.0259	0.0259	0.0259	0.0259	0.0259	0.0259	0.0259
  a	0.0236	0.0236	0.0236	0.0236	0.0236	0.0236	0.0323	0.0254	0.0238	0.0236	0.0306	0.0236	0.0294	0.0236	0.0236	0.0236	0.0237	0.0236	0.0281	0.0236	0.0236	0.0236	0.0236	0.0236	0.0236	0.0239	0.0235	0.0236	0.0362	0.0236	0.0236	0.0236	0	0.0236	0.0254	0.0236	0.0236	0.0236	0.0236
  b	0.0267	0.0267	0.0274	0.0267	0.0267	0.0267	0.0265	0.0267	0.0267	0.0267	0.0267	0.0267	0.0267	0.0267	0.0267	0.0267	0.0267	0.0972	0.0267	0.0267	0.0267	0.0267	0.0267	0.0267	0.0267	0.0267	0.0266	0.0267	0.0371	0.0267	0.0267	0.0267	0.0267	0	0.0267	0.0267	0.0267	0.0267	0.0267
  c	0.0267	0.0267	0.0267	0.0267	0.0267	0.0267	0.0289	0.0373	0.0267	0.0267	0.0267	0.0267	0.0267	0.0267	0.0267	0.0267	0.0267	0.0267	0.0324	0.0267	0.0267	0.0267	0.0267	0.0267	0.0267	0.0267	0.0267	0.0267	0.0268	0.0267	0.0267	0.0267	0.0288	0.0267	0	0.0267	0.0267	0.0267	0.0267
  d	0.0236	0.0236	0.0236	0.0236	0.0236	0.0354	0.0353	0.0236	0.0236	0.0236	0.0236	0.0236	0.0236	0.0237	0.0236	0.0236	0.0236	0.0236	0.0236	0.0236	0.0236	0.0237	0.0236	0.0236	0.0236	0.0236	0.0354	0.0236	0.0236	0.0236	0.0236	0.0236	0.0236	0.0236	0.0236	0	0.0236	0.0236	0.0236
  e	0.0268	0.0268	0.0268	0.0268	0.0268	0.0268	0.0268	0.0268	0.0268	0.0268	0.0268	0.0268	0.0268	0.0268	0.0268	0.0268	0.0268	0.0401	0.0268	0.027	0.0268	0.0268	0.0268	0.0268	0.0268	0.0268	0.0268	0.0268	0.0268	0.0268	0.0268	0.0268	0.0268	0.0268	0.0268	0.0268	0	0.0268	0.0268
  f	0.024	0.024	0.024	0.024	0.024	0.024	0.0359	0.024	0.024	0.024	0.024	0.024	0.024	0.024	0.024	0.024	0.024	0.024	0.024	0.024	0.024	0.024	0.024	0.0241	0.024	0.024	0.024	0.024	0.024	0.024	0.024	0.024	0.024	0.024	0.024	0.024	0.024	0	0.024
  g	0.0374	0.0266	0.0266	0.0277	0.0296	0.0266	0.029	0.0266	0.0266	0.0266	0.0266	0.0266	0.0266	0.0295	0.0266	0.0266	0.0266	0.0266	0.0266	0.0266	0.0266	0.0266	0.0266	0.0266	0.0266	0.0266	0.0278	0.0266	0.0265	0.0266	0.0266	0.0266	0.0266	0.0266	0.0266	0.0266	0.0266	0.0266	0

