Character to attribute mapping:
  K: ?
  A: Artiodactyla
  B: Carnivora
  C: Human
  D: Ixodida
  E: Lagomorpha
  F: Lepidoptera
  G: Marsupialia
  H: Phthiraptera
  I: Rodentia
  J: Siphonaptera


Substitution rate (mu): 62.296438

Equilibrium frequencies (pi_i):
  A: 0.1085
  B: 0.0885
  C: 0.0422
  D: 0.126
  E: 0.0858
  F: 0.1269
  G: 0.153
  H: 0.1229
  I: 0.094
  J: 0.0523

Symmetrized rates from j->i (W_ij):
	A	B	C	D	E	F	G	H	I	J
  A	0	0.5123	0.733	0.5123	0.5134	0.5122	0.5124	0.5123	1.3828	0.5133
  B	0.5123	0	0.7919	0.5122	0.5981	0.512	0.9426	0.5121	3.1901	0.5164
  C	0.733	0.7919	0	0.8931	0.5483	0.517	0.521	0.7538	22.1348	0.8463
  D	0.5123	0.5122	0.8931	0	0.5136	0.5122	0.5124	0.5124	1.0136	0.7133
  E	0.5134	0.5981	0.5483	0.5136	0	0.5134	0.5139	0.5135	3.0897	0.7561
  F	0.5122	0.512	0.517	0.5122	0.5134	0	0.5123	0.5122	0.7829	0.5267
  G	0.5124	0.9426	0.521	0.5124	0.5139	0.5123	0	0.5123	0.6581	0.5124
  H	0.5123	0.5121	0.7538	0.5124	0.5135	0.5122	0.5123	0	0.9904	0.6122
  I	1.3828	3.1901	22.1348	1.0136	3.0897	0.7829	0.6581	0.9904	0	21.2443
  J	0.5133	0.5164	0.8463	0.7133	0.7561	0.5267	0.5124	0.6122	21.2443	0

Actual rates from j->i (Q_ij):
	A	B	C	D	E	F	G	H	I	J
  A	0	0.0556	0.0795	0.0556	0.0557	0.0556	0.0556	0.0556	0.15	0.0557
  B	0.0453	0	0.0701	0.0453	0.0529	0.0453	0.0834	0.0453	0.2824	0.0457
  C	0.0309	0.0334	0	0.0377	0.0231	0.0218	0.022	0.0318	0.9344	0.0357
  D	0.0645	0.0645	0.1125	0	0.0647	0.0645	0.0645	0.0645	0.1277	0.0898
  E	0.044	0.0513	0.047	0.044	0	0.044	0.0441	0.044	0.265	0.0648
  F	0.065	0.065	0.0656	0.065	0.0652	0	0.065	0.065	0.0993	0.0668
  G	0.0784	0.1442	0.0797	0.0784	0.0786	0.0784	0	0.0784	0.1007	0.0784
  H	0.063	0.063	0.0927	0.063	0.0631	0.063	0.063	0	0.1218	0.0753
  I	0.1299	0.2997	2.0797	0.0952	0.2903	0.0736	0.0618	0.093	0	1.996
  J	0.0268	0.027	0.0442	0.0373	0.0395	0.0275	0.0268	0.032	1.1101	0

