Character to attribute mapping:
  ±: ?
  A: Aktobe Region
  B: Almaty Region
  C: Altai Krai
  D: Altai Republic
  E: Arizona
  F: Astrakhan Oblast
  G: Atyrau
  H: Atyrau Region
  I: Baden-Württemberg
  J: Baku
  K: Balkan
  L: Bavaria
  M: Bayan-Ölgii
  N: Bayankhongor
  O: Brandenburg
  P: Cajamarca
  Q: California
  R: Catalonia
  S: Central Java
  T: Centre-Loire Valley
  U: Chechnya
  V: Dornogovi
  W: East of England
  X: Fizuli District
  Y: Fujian
  Z: Gandaki Pradesh
  [: Gansu
  \: Gegharkunik Province
  ]: Goranboy District
  ^: Govi-Altai
  _: Greater London
  `: Guangxi Zhuang
  a: Gujarat
  b: Hebei
  c: Heilongjiang
  d: Himachal Pradesh
  e: Ho Chi Minh City
  f: Hovsgel
  g: Ingushetia
  h: Inner Mongolia
  i: Irkutsk Oblast
  j: Issyk-Kul Region
  k: Jilin
  l: Kabardino-Balkaria
  m: Karachay-Cherkessia
  n: Khovd
  o: Khánh Hoà Province
  p: Kirov Oblast
  q: Krasnoyarsk Krai
  r: Kurdistan
  s: Kyzylorda Province
  t: Kyzylorda Region
  u: La Libertad
  v: La Paz
  w: Lazio
  x: Lâm Đồng Province
  y: MSila
  z: Maharashtra
  {: Mangystau Province
  |: Midlands
  }: Nagorno-Karabakh Republic
  ~: Nairobi
  : Naryn Region
  : Navoiy Region
  : Nevada
  : New Mexico
  : Nidwalden
  : Ningxia
  : North Brabant
  : Occitanie
  : Osh Region
  : Oslo
  : Panevezys County
  : Pomeranian Voivodeship
  : Provence-Alpes-Côte d'Azur
  : Province de Fianarantsoa
  : Pärnu maakond
  : Qazakh District
  : Qinghai
  : Republic of Dagestan
  : Republic of Kalmykia
  : Rostov Oblast
  : Samara Oblast
  : Samtskhe-Javakheti
  : Saskatchewan
  : Sečuán
  : Shaanxi
  : Shahbuz Rayon
  : Shamkir District
  : Shirak Province
  : Shymkent
  : St. Petersberg
  : State of Mato Grosso
  : Stavropol Krai
  : Sughd Province
   : Syunik Province
  ¡: Talas Region
  ¢: Tamil Nadu
  £: Tatarstan
  ¤: Texas
  ¥: Tibet
  ¦: Tuva Republic
  §: Valencia Community
  ¨: Vilnius County
  ©: West Kazakhstan Region
  ª: West Kazakhstan region
  «: Xinjiang
  ¬: Yunnan
  ­: Zabaykalsky Krai
  ®: Zavkhan Province
  ¯: Ömnögovi
  °: Övörkhangai


Substitution rate (mu): 0.004194

Equilibrium frequencies (pi_i):
  A: 0.0098
  B: 0.0074
  C: 0.0073
  D: 0.0209
  E: 0.0072
  F: 0.0139
  G: 0.0063
  H: 0.009
  I: 0.0059
  J: 0.0093
  K: 0.008
  L: 0.0158
  M: 0.0154
  N: 0.0085
  O: 0.0061
  P: 0.0134
  Q: 0.0085
  R: 0.0056
  S: 0.0087
  T: 0.0083
  U: 0.0072
  V: 0.0077
  W: 0.0084
  X: 0.0062
  Y: 0.009
  Z: 0.0061
  [: 0.0096
  \: 0.0058
  ]: 0.0128
  ^: 0.01
  _: 0.009
  `: 0.0055
  a: 0.0085
  b: 0.0057
  c: 0.0079
  d: 0.0063
  e: 0.0067
  f: 0.0064
  g: 0.0134
  h: 0.0176
  i: 0.0072
  j: 0.0135
  k: 0.0078
  l: 0.0093
  m: 0.0143
  n: 0.0066
  o: 0.0066
  p: 0.0096
  q: 0.0082
  r: 0.0091
  s: 0.0065
  t: 0.0119
  u: 0.0174
  v: 0.0069
  w: 0.006
  x: 0.0067
  y: 0.0071
  z: 0.0075
  {: 0.0058
  |: 0.007
  }: 0.0071
  ~: 0.0076
  : 0.0059
  : 0.0074
  : 0.0059
  : 0.0118
  : 0.0075
  : 0.0085
  : 0.0101
  : 0.0061
  : 0.006
  : 0.0058
  : 0.0072
  : 0.0055
  : 0.007
  : 0.0066
  : 0.0067
  : 0.0056
  : 0.0199
  : 0.0191
  : 0.0088
  : 0.0097
  : 0.0136
  : 0.0142
  : 0.0062
  : 0.0056
  : 0.0069
  : 0.0057
  : 0.0066
  : 0.0096
  : 0.0074
  : 0.008
  : 0.007
  : 0.0066
  : 0.0096
   : 0.0064
  ¡: 0.0135
  ¢: 0.006
  £: 0.0076
  ¤: 0.0059
  ¥: 0.0159
  ¦: 0.0098
  §: 0.0059
  ¨: 0.0072
  ©: 0.0146
  ª: 0.0071
  «: 0.0207
  ¬: 0.0159
  ­: 0.0067
  ®: 0.0063
  ¯: 0.0116
  °: 0.0063

Symmetrized rates from j->i (W_ij):
	A	B	C	D	E	F	G	H	I	J	K	L	M	N	O	P	Q	R	S	T	U	V	W	X	Y	Z	[	\	]	^	_	`	a	b	c	d	e	f	g	h	i	j	k	l	m	n	o	p	q	r	s	t	u	v	w	x	y	z	{	|	}	~																																		 	¡	¢	£	¤	¥	¦	§	¨	©	ª	«	¬	­	®	¯	°
  A	0	1.1252	1.1388	0.1054	1.1593	0.5344	1.8001	1.0702	1.5215	0.7993	1.292	0.2714	0.3064	0.9116	1.47	0.4267	0.9142	1.6359	0.8856	0.9415	1.1771	1.0574	0.9399	1.4217	0.8398	1.46	0.7722	1.5546	0.4578	0.7055	0.8184	1.6646	0.9142	1.582	1.0141	1.3913	1.2913	1.378	0.4008	0.196	1.1543	0.4127	1.0357	0.8087	0.3536	1.3154	1.3127	0.7484	0.9719	0.8265	1.3398	0.642	0.2131	1.2351	1.4967	1.2754	1.1896	1.097	1.5736	1.2003	1.1862	1.0697	1.516	1.1272	1.5348	0.5229	1.0904	0.9035	0.6847	1.4587	1.4993	1.5644	1.1586	1.6592	1.2052	1.3088	1.2831	1.6233	0.143	0.1857	1.0176	0.7655	0.3975	0.3596	1.4328	1.6373	1.2348	1.58	1.3069	0.7768	1.1233	0.9893	1.2135	1.3136	0.7593	1.3766	0.4143	1.479	1.0838	1.5256	0.2734	0.7294	1.5323	1.1535	0.3361	1.1885	0.1203	0.2664	1.2807	1.3962	0.5457	1.3814
  B	1.1252	0	1.8032	0.1472	1.8377	0.6248	2.2314	1.3407	2.4193	1.2517	1.6086	0.4009	0.4536	1.4343	2.3368	0.6459	1.4394	2.6001	1.3912	1.4822	1.8618	1.6726	1.4804	2.2592	1.3162	2.3211	1.2104	2.4711	0.6952	1.0975	1.2797	2.6448	1.4377	2.5138	1.6007	2.2098	2.0506	2.1895	0.6056	0.2829	1.8303	0.6227	1.6381	1.2687	0.5286	2.0883	2.0848	1.1656	1.5321	1.2948	2.1373	0.7941	0.308	1.9585	2.3794	2.0249	1.8843	1.7369	2.5017	1.9017	1.8841	1.6905	2.4089	1.8024	2.4397	0.7982	1.7244	1.4247	1.0624	2.3182	2.3837	2.4871	1.8366	2.638	1.9113	2.0782	2.038	2.5776	0.2029	0.2352	1.3053	1.207	0.5965	0.5369	2.277	2.6014	1.9595	2.5114	2.0745	1.2174	1.7955	1.56	1.9231	2.0853	1.1854	2.1893	0.6314	2.3501	1.7183	2.425	0.4013	1.1376	2.435	1.8266	0.5535	1.8868	0.1742	0.3899	2.0319	2.2186	0.836	2.1944
  C	1.1388	1.8032	0	0.1487	1.8609	0.6	2.259	1.3555	2.4487	1.2652	1.623	0.4881	0.459	1.4523	2.3655	0.6543	1.4578	2.6311	1.4087	1.5009	1.8857	1.6935	1.4994	2.2867	1.3334	2.3495	1.2258	2.501	0.7039	1.111	1.2952	2.6765	1.4559	2.5443	1.6217	2.2372	2.0759	2.2166	0.6092	0.2851	1.8564	0.6303	1.6591	1.2857	0.5337	2.1145	2.1106	1.18	1.5524	1.3111	2.1554	0.7928	0.3117	1.9833	2.4081	2.0499	1.9084	1.7592	2.5318	1.9259	1.9035	1.7126	2.4383	1.8064	2.4694	0.8079	1.7458	1.4374	1.0745	2.3466	2.4127	2.517	1.8603	2.6697	1.9348	2.1042	2.0665	2.6087	0.2051	0.2378	1.3212	1.2136	0.6039	0.5435	2.3052	2.6327	1.9841	2.5418	2.1006	1.2333	1.8	1.5796	1.9475	2.1114	1.1996	2.2164	0.6327	2.379	1.7382	2.4546	0.4062	1.1512	2.4647	1.849	0.4939	1.9069	0.1709	0.3946	2.0575	2.246	0.8464	2.2217
  D	0.1054	0.1472	0.1487	0	0.1506	0.0677	0.1766	0.1178	0.1886	0.1126	0.1343	0.0541	0.0703	0.1252	0.1833	0.0714	0.1246	0.2007	0.1221	0.1281	0.152	0.14	0.1277	0.1784	0.117	0.1823	0.1088	0.1922	0.0757	0.1029	0.1157	0.2038	0.1251	0.1952	0.1356	0.1754	0.1646	0.1737	0.0698	0.045	0.1502	0.0703	0.1375	0.1127	0.0639	0.1674	0.1668	0.1079	0.1315	0.116	0.1696	0.0822	0.046	0.1588	0.1862	0.1629	0.1542	0.1439	0.1941	0.1553	0.1537	0.1416	0.1884	0.1474	0.1902	0.0836	0.1439	0.1242	0.1014	0.1823	0.1864	0.1932	0.1507	0.2028	0.1557	0.1664	0.1636	0.199	0.0359	0.0389	0.1187	0.108	0.0718	0.0647	0.1795	0.201	0.1587	0.1949	0.1665	0.1093	0.147	0.1332	0.1567	0.1672	0.1166	0.1731	0.0746	0.1845	0.1426	0.1892	0.0541	0.1112	0.19	0.1506	0.0919	0.1539	0.0315	0.0534	0.1639	0.1756	0.0858	0.1742
  E	1.1593	1.8377	1.8609	0.1506	0	0.6098	2.303	1.3805	2.4968	1.2886	1.6539	0.4094	0.4659	1.4792	2.4118	0.6653	1.9686	2.683	1.4374	1.5288	1.9216	1.7256	1.5272	2.3317	1.3627	2.3955	1.248	2.5502	0.7153	1.1309	1.3189	2.7291	1.4837	2.5941	1.6519	2.2805	2.117	2.2597	0.619	0.2891	1.8882	0.6403	1.6901	1.3091	0.5421	2.1552	2.1527	1.2025	1.5805	1.3351	2.1974	0.8062	0.3206	2.0235	2.4552	2.0906	1.9475	1.7957	2.5816	1.9655	1.94	1.7447	2.4859	1.8409	2.5177	1.4201	1.779	1.4644	1.0983	2.3923	2.4599	2.5664	1.895	2.7222	1.9721	2.1455	2.1032	2.6599	0.2095	0.2411	1.3453	1.2357	0.6133	0.5518	2.5123	2.6843	2.0222	2.5916	2.141	1.2557	1.8345	1.6092	1.9877	2.152	1.2214	2.2597	0.6428	2.4265	1.7719	2.5033	0.4122	1.172	2.5129	1.8846	0.5016	1.9434	0.1732	0.4045	2.0969	2.2897	0.8607	2.2647
  F	0.5344	0.6248	0.6	0.0677	0.6098	0	0.8149	1.0153	0.7915	0.4444	0.6217	0.1641	0.1796	0.4867	0.7656	0.2412	0.487	0.8496	0.4735	0.5018	0.6364	0.5593	0.5005	0.7416	0.45	0.7607	0.4157	0.8084	0.2584	0.3839	0.4414	0.864	0.488	0.8226	0.5375	0.7266	0.6759	0.7195	0.245	0.1222	0.608	0.2354	0.5488	0.4343	0.2074	0.6885	0.6865	0.4057	0.5176	0.4445	0.7356	0.458	0.1291	0.6477	0.7798	0.668	0.6251	0.578	0.8189	0.6305	0.6384	0.5654	0.7894	0.6259	0.7985	0.2923	0.5765	0.4929	0.3751	0.7605	0.7806	0.8136	0.6103	0.8607	0.6335	0.6846	0.6719	0.8423	0.0898	0.1077	0.7381	0.4576	0.2279	0.208	0.7472	0.8504	0.648	0.8213	0.6845	0.4174	0.6238	0.5258	0.6371	0.6879	0.4117	0.7181	0.2475	0.7707	0.5738	0.7939	0.1621	0.396	0.7974	0.6081	0.3936	0.6668	0.0814	0.1583	0.6713	0.7287	0.3035	0.7215
  G	1.8001	2.2314	2.259	0.1766	2.303	0.8149	0	1.7755	3.0208	1.5649	2.0404	0.4874	0.5567	1.7962	2.9197	0.8004	1.8047	3.2403	1.7426	1.8565	2.3338	2.0961	1.855	2.8244	1.6491	2.9005	1.5161	3.0838	0.8615	1.3708	1.5995	3.2943	1.8007	3.135	2.0064	2.7626	2.5672	2.7384	0.7431	0.3422	2.2926	0.7694	2.0537	1.5909	0.6494	2.613	2.6098	1.4562	1.9192	1.6207	2.6645	0.9947	0.3748	2.4531	2.9709	2.5354	2.3607	2.1786	3.1209	2.3823	2.3547	2.1186	3.0068	2.2353	3.0449	0.9906	2.1599	1.7779	1.3257	2.896	2.9769	3.1028	2.3003	3.2871	2.3933	2.6013	2.5512	3.2138	0.2448	0.2857	1.6743	1.5011	0.7354	0.6607	2.8459	3.2414	2.4538	3.1323	2.5959	1.5257	2.2274	1.9541	2.4089	2.6092	1.4811	2.7396	0.7726	2.9351	2.1526	3.027	0.491	1.4214	3.039	2.2875	0.6006	2.3588	0.2035	0.4768	2.5429	2.7742	1.0389	2.744
  H	1.0702	1.3407	1.3555	0.1178	1.3805	1.0153	1.7755	0	1.8197	0.9474	1.2733	0.3118	0.3519	1.0803	1.7571	0.4951	1.0831	1.9581	1.0481	1.1161	1.3992	1.2572	1.1143	1.6984	0.9921	1.7451	0.9125	1.8595	0.5324	0.8305	0.9665	1.9926	1.0829	1.8925	1.2039	1.6614	1.5405	1.6455	0.4736	0.2225	1.3754	0.4785	1.2309	0.9558	0.4081	1.5695	1.5662	0.8817	1.1535	0.9768	1.6011	0.6847	0.2419	1.4715	1.7897	1.5212	1.416	1.3046	1.8829	1.429	1.4149	1.2711	1.8125	1.3431	1.8356	0.6096	1.2966	1.0725	0.805	1.7434	1.7928	1.8716	1.3805	1.9866	1.4363	1.5614	1.5312	1.9412	0.161	0.1908	1.044	0.9156	0.4598	0.4149	1.712	1.9595	1.4722	1.8903	1.5592	0.9175	1.3383	1.174	1.4451	1.5673	0.8963	1.6445	0.4808	1.7678	1.2905	1.8244	0.3126	0.8598	1.8323	1.3732	0.5421	1.4244	0.1354	0.3041	1.5272	1.6676	0.6374	1.6495
  I	1.5215	2.4193	2.4487	0.1886	2.4968	0.7915	3.0208	1.8197	0	1.697	2.1826	0.5798	0.5995	1.9477	3.1634	0.8649	1.9578	3.5035	1.8899	2.013	2.5299	2.2731	2.0155	3.0581	1.7886	3.1397	1.6444	3.3359	0.9311	1.4855	1.7371	3.5605	1.9527	3.3902	2.1758	2.9913	2.7817	2.9656	0.802	0.3671	2.485	0.8308	2.2274	1.7259	0.7004	2.8304	2.8275	1.578	2.0808	1.7574	2.8862	1.0521	0.4024	2.6587	3.2173	2.7474	2.559	2.363	3.3756	2.5823	2.5524	2.2971	3.2531	2.4235	3.2941	1.0712	2.3552	1.9277	1.4407	3.1352	3.2214	3.3572	2.4933	3.5533	2.5938	2.8182	2.7641	3.4744	0.262	0.3049	1.7662	1.6284	0.7932	0.7123	3.0809	3.5039	2.6594	3.3876	2.8121	1.6551	2.4151	2.1189	2.611	2.8264	1.605	2.9676	0.8342	3.1764	2.3427	3.2749	0.5284	1.5408	3.2876	3.6058	0.6462	2.5568	0.2176	0.5128	2.7549	3.004	1.1239	2.9714
  J	0.7993	1.2517	1.2652	0.1126	1.2886	0.4444	1.5649	0.9474	1.697	0	1.3831	0.2942	0.3327	1.0096	1.6388	0.4662	1.0126	1.826	0.9801	1.0431	1.3063	1.174	1.0413	2.0442	0.9284	1.6277	0.8535	1.7342	0.5784	0.7779	0.9045	1.8582	1.0123	1.765	1.1246	1.5498	1.4374	1.535	0.471	0.2113	1.2834	0.4507	1.1494	1.0974	0.3849	1.4643	1.4614	0.8258	1.0772	1.0053	1.493	0.6967	0.2298	1.3735	1.6691	1.4195	1.3221	1.2183	2.6444	1.3341	1.32	1.1871	1.6905	1.2539	1.7119	0.5731	1.2109	1.0014	0.7542	1.626	1.672	1.7454	1.2879	1.8524	1.3405	1.4569	1.4283	1.8096	0.1534	0.1771	0.9242	0.8511	0.4334	0.3915	1.5968	1.8274	1.3737	1.7629	1.4564	0.8584	1.2495	1.0969	1.3491	1.4639	0.8386	1.5338	0.453	1.6488	1.2041	1.7015	0.2962	0.805	1.7089	1.282	0.3667	1.3264	0.129	0.2883	1.4251	1.5556	0.5987	1.5387
  K	1.292	1.6086	1.623	0.1343	1.6539	0.6217	2.0404	1.2733	2.1826	1.3831	0	0.3612	0.4102	1.2898	2.1074	0.5826	1.2943	2.348	1.2511	1.3331	1.676	1.5047	1.3315	2.0367	1.1838	2.093	1.0879	2.2301	0.6267	0.9871	1.151	2.3892	1.2931	2.2693	1.4401	1.9919	1.8469	1.9732	0.5447	0.2563	1.6469	0.5618	1.4732	1.3677	0.4768	1.8814	1.878	1.0486	1.3782	1.1644	2.5885	0.7281	0.2796	1.7637	2.1461	1.8236	1.6966	1.5628	2.2869	1.7123	1.6935	1.5212	2.1734	1.6115	2.2014	0.7193	1.5518	1.278	0.955	2.0905	2.1501	2.2445	1.653	2.3826	1.7207	1.8721	1.8354	2.3277	0.1847	0.2146	1.2046	1.0793	0.5387	0.4852	2.053	2.3494	1.7644	2.2669	1.8689	1.0944	1.6058	1.4033	1.7317	1.8787	1.0659	1.9727	0.5659	2.1198	1.5444	2.188	0.3635	1.0227	2.1973	1.6441	0.4489	1.6966	0.1549	0.3533	1.8303	1.9998	0.753	1.9778
  L	0.2714	0.4009	0.4881	0.0541	0.4094	0.1641	0.4874	0.3118	0.5798	0.2942	0.3612	0	0.1361	0.3306	0.5774	0.1724	0.3318	0.8156	0.3234	0.5011	0.4134	0.3775	0.6619	0.4928	0.3125	0.5049	0.29	0.5352	0.1838	0.2717	0.5658	0.5708	0.3319	0.5444	0.3636	0.4837	0.4518	0.4795	0.1656	0.0978	0.4429	0.1929	0.3699	0.3005	0.1624	0.4594	0.459	0.2794	0.3508	0.3038	0.467	0.2037	0.098	0.4347	0.7393	0.4469	0.4204	0.3904	0.5411	0.4239	0.4198	0.4205	0.5236	0.4015	0.529	0.2064	0.5181	0.3296	0.3806	0.7044	0.5177	0.7529	0.4137	0.5683	0.4241	0.4572	0.4794	0.5563	0.0707	0.0789	0.3094	0.2859	0.1662	0.151	0.4965	0.5623	0.4335	0.5434	0.4567	0.2858	0.4003	0.3558	0.4284	0.4588	0.2825	0.4776	0.1698	0.5115	0.5922	0.5261	0.1234	0.2835	0.7835	0.5234	0.1427	0.42	0.0701	0.1182	0.4486	0.485	0.2134	0.4802
  M	0.3064	0.4536	0.459	0.0703	0.4659	0.1796	0.5567	0.3519	0.5995	0.3327	0.4102	0.1361	0	0.375	0.5806	0.1922	0.3752	0.6422	0.3654	0.3864	0.471	0.4337	0.3854	0.5629	0.3481	0.5769	0.3228	0.612	0.2053	0.4229	0.3419	0.6529	0.3761	0.6225	0.4129	0.5522	0.5146	0.5498	0.1838	0.1	0.4643	0.1879	0.4202	0.3353	0.1664	0.7477	0.5224	0.3153	0.3981	0.3439	0.5325	0.2268	0.1069	0.494	0.5911	0.5088	0.4776	0.4425	0.6189	0.4815	0.4762	0.4336	0.5982	0.4543	0.6048	0.231	0.4415	0.3724	0.2929	0.5769	0.5916	0.6158	0.4663	0.6502	0.4833	0.5211	0.5116	0.6365	0.0757	0.0855	0.35	0.3191	0.1956	0.1674	0.5672	0.643	0.494	0.6215	0.521	0.3234	0.4528	0.4041	0.4864	0.5235	0.3194	0.5455	0.1882	0.5845	0.4393	0.6014	0.1325	0.4094	0.6041	0.4648	0.1559	0.4771	0.0653	0.1296	0.5115	0.557	0.2728	0.5484
  N	0.9116	1.4343	1.4523	0.1252	1.4792	0.4867	1.7962	1.0803	1.9477	1.0096	1.2898	0.3306	0.375	0	1.8811	0.5293	1.161	2.0946	1.123	1.1955	1.4984	1.3469	1.194	1.8184	1.0637	1.8682	0.9775	1.9899	0.5687	0.8889	1.0346	2.1314	1.1602	2.025	1.2904	1.779	1.6501	1.7622	0.4947	0.2692	1.4725	0.5107	1.3193	1.0247	0.4347	1.6811	1.6778	0.9439	1.2356	1.0461	1.713	0.6394	0.2574	1.577	1.9154	1.6295	1.5177	1.3987	2.0145	1.5316	1.5136	1.3624	1.94	1.4368	1.9646	0.6516	1.3889	1.1459	0.8608	1.8663	1.9189	2.0027	1.4784	2.1251	1.5382	1.6727	1.6398	2.0762	0.1728	0.1975	1.0563	0.9684	0.4905	0.4425	1.833	2.0962	1.577	2.0227	1.67	0.9834	1.4318	1.2576	1.5488	1.6787	0.9586	1.7613	0.5128	1.8924	1.3816	1.9527	0.3332	0.9203	1.961	1.4706	0.4033	1.5164	0.143	0.3241	1.6359	1.7858	0.6815	1.7664
  O	1.47	2.3368	2.3655	0.1833	2.4118	0.7656	2.9197	1.7571	3.1634	1.6388	2.1074	0.5774	0.5806	1.8811	0	0.8364	1.8905	3.3882	1.8251	1.9442	2.4438	2.1954	1.9436	2.9557	1.7272	3.035	1.5879	3.2255	0.9004	1.435	1.6753	3.4442	1.8859	3.2786	2.1014	2.8912	2.6877	2.8661	0.776	0.356	2.4006	0.8037	2.1511	1.6665	0.6778	2.7352	2.7321	1.5244	2.0099	1.6973	2.7891	1.017	0.3902	2.5685	3.1086	2.6544	2.472	2.282	3.2642	2.4945	2.4657	2.2187	3.1454	2.3409	3.1851	1.0356	3.0358	1.8618	1.3889	3.0303	3.1144	3.2456	2.4087	3.4369	2.5059	2.7231	2.6708	3.3603	0.2544	0.2959	1.7063	1.5723	0.7677	0.6896	2.978	3.3892	2.5693	3.276	2.7174	1.5982	2.3327	2.0465	2.5224	2.7312	1.5505	2.8677	0.807	3.0708	2.2566	3.1664	0.5119	1.4882	3.1788	2.4017	0.6256	2.4699	0.2113	0.4969	2.662	2.9034	1.0865	2.8719
  P	0.4267	0.6459	0.6543	0.0714	0.6653	0.2412	0.8004	0.4951	0.8649	0.4662	0.5826	0.1724	0.1922	0.5293	0.8364	0	0.5312	0.9288	0.5183	0.5459	0.6726	0.609	0.5445	0.8098	0.4957	0.8309	0.4511	0.8835	0.2786	0.4158	0.479	0.9448	0.5317	0.899	0.5853	0.7935	0.7384	0.7856	0.2466	0.1276	0.6627	0.253	0.5966	0.4708	0.2194	0.7515	0.7504	0.4418	0.5637	0.4826	0.7645	0.3093	0.955	0.7322	0.8516	0.7298	0.6832	0.6321	0.8939	0.6893	0.6797	0.6161	0.8625	0.6469	0.8727	0.3161	0.6278	0.5249	0.4071	0.8306	0.8529	0.889	0.6657	0.9412	0.6907	0.7479	0.7334	0.9204	0.1012	0.1085	0.4901	0.4467	0.2452	0.2234	0.8162	0.9298	0.7067	0.8977	0.7468	0.4535	0.6448	0.5722	0.6968	0.7505	0.4467	0.7842	0.2539	0.842	0.6234	0.8676	0.1732	0.4287	0.8714	0.6626	0.2055	0.681	0.0806	0.1818	0.7325	0.7957	0.3279	0.7878
  Q	0.9142	1.4394	1.4578	0.1246	1.9686	0.487	1.8047	1.0831	1.9578	1.0126	1.2943	0.3318	0.3752	1.161	1.8905	0.5312	0	2.1064	1.1382	1.1996	1.5043	1.3521	1.1978	1.8274	1.0891	1.8777	0.9803	2.0005	0.5695	0.8912	1.0379	2.1433	1.1672	2.0358	1.2946	1.7873	1.6605	1.7704	0.4951	0.2359	1.4792	0.5114	1.3237	1.0271	0.4349	1.6885	1.6894	0.9519	1.2396	1.0492	1.7213	0.6402	0.3601	1.5914	1.9253	1.6402	1.5333	1.4149	2.0253	1.5478	1.5194	1.3671	1.9499	1.4419	1.9748	1.0557	1.3944	1.1498	0.8786	1.8756	1.9288	2.0135	1.4844	2.137	1.5451	1.6825	1.6472	2.0876	0.1819	0.1974	1.0596	0.9704	0.4911	0.4428	1.9922	2.1077	1.5838	2.0335	1.6773	0.9859	1.4369	1.2621	1.5658	1.686	0.9619	1.7696	0.5133	1.973	1.3888	1.9634	0.3333	0.9228	1.9711	1.4769	0.4034	1.5222	0.1429	0.3502	1.6429	1.7942	0.6827	1.7746
  R	1.6359	2.6001	2.6311	0.2007	2.683	0.8496	3.2403	1.9581	3.5035	1.826	2.348	0.8156	0.6422	2.0946	3.3882	0.9288	2.1064	0	2.033	2.1647	2.7184	2.4438	2.1644	3.28	1.9247	3.3665	1.7698	3.5738	0.9999	1.5978	1.957	3.8105	2.1001	3.6309	2.3395	3.2087	2.9865	3.1818	0.8604	0.392	2.6699	0.8924	2.3952	1.8576	0.7516	3.0379	3.0353	1.697	2.2374	1.8904	3.0975	1.1305	0.4299	2.8555	3.4527	2.95	2.7492	2.5406	3.6157	2.7741	2.7421	2.47	3.486	2.6046	3.5295	1.1505	2.5172	2.0731	1.5845	3.3686	3.4528	3.7348	2.6787	3.8033	2.786	3.0253	2.9675	3.72	0.2793	0.3253	1.8985	1.7527	0.8505	0.7634	3.3039	3.7508	2.856	3.6282	3.0184	1.7814	2.5956	2.2782	2.8047	3.0336	1.726	3.1844	0.8952	3.4049	2.5453	3.5092	0.5655	1.6576	3.5225	2.665	0.6925	2.7467	0.232	0.5487	2.9575	3.2225	1.2075	3.1878
  S	0.8856	1.3912	1.4087	0.1221	1.4374	0.4735	1.7426	1.0481	1.8899	0.9801	1.2511	0.3234	0.3654	1.123	1.8251	0.5183	1.1382	2.033	0	1.1603	1.4533	1.3069	1.1585	1.7644	1.0704	1.8128	0.9504	1.9311	0.5531	0.8633	1.0047	2.0686	1.1626	1.9651	1.2517	1.7259	1.6058	1.7096	0.4815	0.2305	1.4291	0.497	1.2796	0.994	0.4233	1.6308	1.6347	0.9745	1.1987	1.0155	1.6621	0.6215	0.2521	1.5469	1.8586	1.5866	1.4953	1.3809	1.9549	1.5095	1.4681	1.3215	1.8824	1.3936	1.9063	0.6368	1.3478	1.1123	0.8513	1.8108	1.862	1.9436	1.4342	2.0624	1.4926	1.655	1.5909	2.0149	0.1802	0.193	1.0259	0.9395	0.4775	0.4309	1.7786	2.0343	1.5299	1.9629	1.62	0.9543	1.3887	1.2204	1.5273	1.6284	0.9312	1.7086	0.4989	1.8363	1.3422	1.8947	0.3252	0.8937	1.9029	1.4272	0.3929	1.4708	0.1403	0.348	1.587	1.7325	0.6625	1.7137
  T	0.9415	1.4822	1.5009	0.1281	1.5288	0.5018	1.8565	1.1161	2.013	1.0431	1.3331	0.5011	0.3864	1.1955	1.9442	0.5459	1.1996	2.1647	1.1603	0	1.5487	1.3919	1.2457	1.8794	1.0988	1.931	1.0099	2.0566	0.5867	0.9181	1.0687	2.2025	1.1987	2.0927	1.3334	1.8386	1.7056	1.8214	0.51	0.2428	1.5222	0.5268	1.3634	1.0586	0.448	1.7374	1.7341	0.9749	1.2768	1.0807	1.7707	0.6597	0.2648	1.6297	1.9796	1.6842	1.5684	1.4455	2.082	1.5828	1.5642	1.4079	2.0049	1.4848	2.0304	0.6723	1.4352	1.184	0.8889	1.9288	1.9833	2.0698	1.5281	2.1962	1.5898	1.7288	1.695	2.1457	0.1756	0.2031	1.091	1.0003	0.5058	0.456	1.8945	2.1662	1.6299	2.0904	1.726	1.016	1.4796	1.2996	1.6005	1.7349	0.9903	1.8205	0.5288	1.9557	1.428	2.0181	0.343	0.9506	2.0307	1.5199	0.4155	1.5671	0.1468	0.3336	1.6907	1.8457	0.7033	1.8257
  U	1.1771	1.8618	1.8857	0.152	1.9216	0.6364	2.3338	1.3992	2.5299	1.3063	1.676	0.4134	0.471	1.4984	2.4438	0.6726	1.5043	2.7184	1.4533	1.5487	0	1.7482	1.5471	2.3624	1.3752	2.4273	1.2641	2.5839	0.7238	1.1451	1.999	2.7652	1.5021	2.6285	1.6736	2.3109	2.1443	2.2897	0.6261	0.2919	1.9133	0.6478	1.7125	1.326	0.548	2.1839	2.1802	1.2164	1.6017	1.3522	2.2266	1.191	0.3192	2.0482	2.4878	2.1174	1.9706	1.8164	2.6159	1.9887	1.9655	1.7677	2.5189	1.865	2.5511	0.8311	1.8022	1.4831	1.1072	2.4241	2.4926	2.6004	1.9206	2.7583	1.9984	2.1734	2.1313	2.6952	0.2098	0.2434	1.3625	1.2547	0.6203	0.558	2.3813	2.7199	2.049	2.626	2.1694	1.2718	1.8585	1.6302	2.0111	2.1807	1.237	2.2897	0.6502	2.4576	1.7948	2.5358	0.4164	1.1867	2.5462	1.9093	0.5071	1.9691	0.1747	0.4045	2.1248	2.3201	0.8711	2.2949
  V	1.0574	1.6726	1.6935	0.14	1.7256	0.5593	2.0961	1.2572	2.2731	1.174	1.5047	0.3775	0.4337	1.3469	2.1954	0.609	1.3521	2.4438	1.3069	1.3919	1.7482	0	1.3902	2.1224	1.2372	2.1806	1.1424	2.3221	0.655	1.4635	1.202	2.4861	1.3504	2.3624	1.5034	2.0757	1.9259	2.1762	0.5678	0.3996	1.718	0.5871	1.5379	1.1921	0.4983	1.9614	1.9583	1.0956	1.4389	1.2163	1.9997	0.7376	0.2919	1.8398	2.2353	1.9018	1.7702	1.6315	2.3508	1.7865	1.7656	1.5878	2.2634	1.6756	2.2923	0.7515	1.619	1.3337	0.9978	2.1778	2.2395	2.337	1.7244	2.4795	1.7944	1.9521	1.9138	2.4225	0.193	0.2232	1.2265	1.1259	0.5628	0.5068	2.139	2.4452	1.8399	2.36	1.9484	1.1436	1.6697	1.4649	1.8066	1.9585	1.1133	2.0562	0.5894	2.208	1.6119	2.2785	0.3796	1.0689	2.288	1.715	0.4614	1.7687	0.1609	0.369	1.9084	2.2217	0.7869	2.0612
  W	0.9399	1.4804	1.4994	0.1277	1.5272	0.5005	1.855	1.1143	2.0155	1.0413	1.3315	0.6619	0.3854	1.194	1.9436	0.5445	1.1978	2.1644	1.1585	1.2457	1.5471	1.3902	0	1.878	1.0969	1.9296	1.0084	2.0554	0.5854	0.9165	1.0729	2.2015	1.197	2.0916	1.3317	1.8372	1.704	1.8199	0.5087	0.242	1.5209	0.5265	1.3617	1.0569	0.4469	1.736	1.7326	0.9732	1.2754	1.079	1.7693	0.6582	0.264	1.6281	1.9819	1.6827	1.5667	1.4437	2.0809	1.581	1.5626	1.4062	2.0036	1.483	2.0292	0.6708	1.4371	1.1823	0.8952	1.9283	1.982	2.0701	1.5269	2.1952	1.5883	1.7273	1.6937	2.1447	0.175	0.2025	1.0892	0.9985	0.5048	0.455	1.8931	2.1651	1.6284	2.0893	1.7245	1.0143	1.4778	1.2979	1.5988	1.7334	0.9889	1.819	0.5276	1.9544	1.4423	2.0169	0.342	0.949	2.05	1.5262	0.4144	1.5654	0.1463	0.3326	1.6892	1.8442	0.7019	1.8243
  X	1.4217	2.2592	2.2867	0.1784	2.3317	0.7416	2.8244	1.6984	3.0581	2.0442	2.0367	0.4928	0.5629	1.8184	2.9557	0.8098	1.8274	3.28	1.7644	1.8794	2.3624	2.1224	1.878	0	1.6697	2.9364	1.5347	3.1218	1.0444	1.3876	1.6193	3.3346	1.8231	3.1734	2.0311	2.7967	2.5992	2.7723	0.7946	0.3459	2.3209	0.7783	2.0791	1.611	0.6569	2.6452	2.6423	1.4742	1.9424	1.8659	2.6975	0.9845	0.3789	2.4837	3.0075	2.567	2.3902	2.206	3.1593	2.4121	2.384	2.1446	3.0438	2.2631	3.0823	1.0025	2.187	1.8	1.3421	2.9317	3.0135	3.141	2.3284	3.3273	2.4232	2.6336	2.5826	3.2527	0.2473	0.2876	1.6504	1.5197	0.7437	0.6682	2.881	3.281	2.4843	3.1707	2.629	1.5446	2.2552	1.9784	2.4391	2.6425	1.4992	2.7737	0.7815	2.9712	2.1794	3.0642	0.4966	1.439	3.0763	2.3161	0.6067	2.3882	0.2056	0.4822	2.5743	2.8085	1.0513	2.7779
  Y	0.8398	1.3162	1.3334	0.117	1.3627	0.45	1.6491	0.9921	1.7886	0.9284	1.1838	0.3125	0.3481	1.0637	1.7272	0.4957	1.0891	1.9247	1.0704	1.0988	1.3752	1.2372	1.0969	1.6697	0	1.7156	0.8991	1.8277	0.5257	0.8184	0.9524	1.9583	1.0767	1.8601	1.1848	1.6334	1.5244	1.6178	0.4579	0.2202	1.3531	0.4727	1.211	0.9411	0.4027	1.5433	1.5535	0.8866	1.1354	0.962	1.5731	0.59	0.2414	1.4788	1.7593	1.507	1.4336	1.3275	1.8504	1.4479	1.3891	1.2508	1.7817	1.3185	1.8043	0.6087	1.2759	1.0535	0.857	1.714	1.7623	1.8401	1.3578	1.9523	1.4129	1.5436	1.5057	1.9072	0.1974	0.1846	0.9724	0.8894	0.4545	0.4103	1.6834	1.9258	1.4479	1.8579	1.5331	0.9038	1.3139	1.1556	1.4658	1.541	0.8832	1.6167	0.4743	1.7381	1.2758	1.7933	0.3104	0.847	1.8011	1.351	0.374	1.3916	0.1347	0.3878	1.5018	1.6395	0.629	1.6218
  Z	1.46	2.3211	2.3495	0.1823	2.3955	0.7607	2.9005	1.7451	3.1397	1.6277	2.093	0.5049	0.5769	1.8682	3.035	0.8309	1.8777	3.3665	1.8128	1.931	2.4273	2.1806	1.9296	2.9364	1.7156	0	1.577	3.2048	0.8944	1.4252	1.6633	3.4222	1.8731	3.2575	2.0871	2.8721	2.6698	2.8472	0.771	0.3539	2.3843	0.7984	2.1365	1.655	0.6735	2.717	2.714	1.5141	1.996	1.6857	2.7705	1.0103	0.3878	2.5514	3.0879	2.6368	2.4556	3.1069	3.2431	2.478	2.4492	2.2036	3.125	2.3252	3.1645	1.0288	2.2467	1.8492	1.3791	3.0104	3.0941	3.2244	2.3922	3.415	2.4891	2.7051	2.6529	3.3388	0.2529	0.2942	1.6949	1.5616	0.7627	0.6851	2.9585	3.3675	2.5521	3.2549	2.6993	1.5872	2.3171	2.0326	2.5056	2.7131	1.5398	2.8488	0.8017	3.0508	2.2394	3.1459	0.6062	1.4781	3.1582	2.3792	0.6217	2.4534	0.2102	0.4939	2.6443	2.8843	1.0792	2.8529
  [	0.7722	1.2104	1.2258	0.1088	1.248	0.4157	1.5161	0.9125	1.6444	0.8535	1.0879	0.29	0.3228	0.9775	1.5879	0.4511	0.9803	1.7698	0.9504	1.0099	1.2641	1.1424	1.0084	1.5347	0.8991	1.577	0	1.6804	0.4847	0.7876	0.8754	1.801	1.1419	1.7105	1.0893	1.5017	1.3923	1.4926	0.4227	0.2046	1.2428	0.4365	1.1133	0.8657	0.3746	1.4188	1.4156	1.0561	1.0439	0.8844	1.4456	0.544	0.2222	1.3307	1.6177	1.3749	1.2808	1.18	1.7013	1.2925	1.2773	1.15	1.6382	1.2125	1.659	0.5545	1.1725	1.4508	0.7309	1.5757	1.6201	1.6916	1.248	1.7953	1.2981	1.4202	1.3838	1.7538	0.233	0.1712	0.8941	0.8185	0.4195	0.3789	1.5473	1.7711	1.3307	1.7084	1.4094	0.831	1.2083	1.0621	1.307	1.4167	0.8116	1.486	0.4377	1.5978	1.1682	1.6489	0.2866	0.7811	1.6561	1.2413	0.3467	1.2796	0.1249	0.279	1.3807	1.5101	0.5794	1.4909
  \	1.5546	2.4711	2.501	0.1922	2.5502	0.8084	3.0838	1.8595	3.3359	1.7342	2.2301	0.5352	0.612	1.9899	3.2255	0.8835	2.0005	3.5738	1.9311	2.0566	2.5839	2.3221	2.0554	3.1218	1.8277	3.2048	1.6804	0	1.2373	1.5178	1.7712	3.6322	1.9951	3.4592	2.2228	3.0536	2.8404	3.0276	0.8191	0.3744	2.5381	0.8483	2.2755	1.7637	0.715	2.8899	2.8871	1.6124	2.1257	1.796	2.9468	1.0748	0.4105	2.7151	3.2811	2.8055	2.6135	2.414	3.4444	2.6373	2.6068	2.3464	3.3199	2.4754	3.3616	1.0942	2.392	1.9695	1.4685	3.1994	3.2877	3.4247	2.5464	3.6249	2.649	2.8776	2.8224	3.5448	0.2672	0.311	1.8043	1.6641	0.8099	0.7272	3.1448	3.5747	2.7158	3.4566	2.8712	2.2372	2.4668	2.1646	2.6666	2.8858	1.6399	3.0439	0.8519	3.2419	2.385	3.342	0.5392	1.5744	3.3549	2.5325	0.6596	2.6112	0.2218	0.5234	2.813	3.0666	1.1481	3.0334
  ]	0.4578	0.6952	0.7039	0.0757	0.7153	0.2584	0.8615	0.5324	0.9311	0.5784	0.6267	0.1838	0.2053	0.5687	0.9004	0.2786	0.5695	0.9999	0.5531	0.5867	0.7238	0.655	0.5854	1.0444	0.5257	0.8944	0.4847	1.2373	0	0.4463	0.5143	1.0172	0.5704	0.9679	0.6297	0.8541	0.7937	0.8456	0.4004	0.1358	0.7126	0.2706	0.6419	0.5066	0.2347	0.8088	0.8064	0.4723	0.6057	0.5474	0.8226	0.3316	0.1468	0.7605	0.9167	0.7843	0.7337	0.6778	0.9624	0.74	0.7315	0.6629	0.9285	0.6963	0.9395	0.3379	0.6752	0.564	0.4349	0.8941	0.9181	0.9571	0.7159	1.0134	0.743	0.8043	0.7891	0.991	0.1009	0.1155	0.5262	0.4805	0.2621	0.2571	0.8785	1.001	0.7605	1.4474	0.8042	0.6948	0.694	0.6151	0.7478	0.8082	0.4789	1.5561	0.2717	0.9063	0.6703	0.934	0.185	0.4602	0.9381	0.7126	0.2196	0.7329	0.0857	0.1806	0.7884	0.8566	0.3514	0.848
  ^	0.7055	1.0975	1.111	0.1029	1.1309	0.3839	1.3708	0.8305	1.4855	0.7779	0.9871	0.2717	0.4229	0.8889	1.435	0.4158	0.8912	1.5978	0.8633	0.9181	1.1451	1.4635	0.9165	1.3876	0.8184	1.4252	0.7876	1.5178	0.4463	0	0.7981	1.6258	0.8914	1.5448	0.989	1.358	1.26	1.8223	0.3906	0.1916	1.1262	0.4028	1.0101	0.7882	0.3476	1.2838	1.2808	0.7296	0.9481	0.8058	1.3076	0.5002	0.2078	1.2048	1.4619	1.2444	1.1603	1.0697	1.5365	1.1707	1.1573	1.0433	1.4802	1.0994	1.4986	0.5097	1.0637	0.8811	0.6687	1.4242	1.4638	1.5279	1.1307	1.6204	1.1759	1.2771	1.2522	1.5834	0.1421	0.1607	0.8154	0.7461	0.3876	0.3507	1.3987	1.5991	1.2049	1.5429	1.2754	0.7571	1.0956	0.9648	1.1837	1.282	0.7404	1.3435	0.4039	1.444	1.06	1.4896	0.2668	0.7136	1.4961	1.1253	0.3218	1.1594	0.118	0.2596	1.2498	1.8911	0.794	1.3503
  _	0.8184	1.2797	1.2952	0.1157	1.3189	0.4414	1.5995	0.9665	1.7371	0.9045	1.151	0.5658	0.3419	1.0346	1.6753	0.479	1.0379	1.957	1.0047	1.0687	1.999	1.202	1.0729	1.6193	0.9524	1.6633	0.8754	1.7712	0.5143	0.7981	0	1.8967	1.0375	1.8024	1.1521	1.5843	1.4703	1.5694	0.4489	0.2171	1.3132	0.4631	1.1773	0.917	0.3956	1.4976	1.4948	0.8469	1.1038	0.9367	1.5258	0.5773	0.2362	1.4057	1.7117	1.4521	1.3534	1.2478	1.7929	1.3656	1.3496	1.2167	1.727	1.2819	1.7486	0.5883	1.2427	1.0252	0.7882	1.6663	1.7082	1.8178	1.3182	1.8909	2.0527	1.4902	1.461	1.8476	0.1577	0.182	0.9469	1.7337	0.4452	0.4022	1.632	1.8656	1.4054	1.8002	1.4878	0.8805	1.2775	1.1236	1.3808	1.4954	0.8597	1.5681	0.4647	1.6847	1.254	1.7381	0.3044	0.8258	1.7456	1.3192	0.3674	1.3521	0.1324	0.2963	1.4577	1.5902	0.6146	1.5731
  `	1.6646	2.6448	2.6765	0.2038	2.7291	0.864	3.2943	1.9926	3.5605	1.8582	2.3892	0.5708	0.6529	2.1314	3.4442	0.9448	2.1433	3.8105	2.0686	2.2025	2.7652	2.4861	2.2015	3.3346	1.9583	3.4222	1.801	3.6322	1.0172	1.6258	1.8967	0	2.1369	3.6898	2.3803	3.2623	3.037	3.235	0.875	0.3982	2.7159	0.9066	2.437	1.8905	0.7634	3.0892	3.0866	1.7268	2.2766	1.9237	3.1497	1.15	0.4368	2.9041	3.5026	3.0	2.7962	2.5845	3.6746	2.8214	2.789	2.5119	3.5432	2.6494	3.5873	1.1705	2.5602	2.1093	1.5773	3.4164	3.5097	3.6539	2.7248	3.8644	2.8335	3.0764	3.0179	3.7801	0.2837	0.3304	1.9315	1.7836	0.8649	0.7763	3.3588	3.8112	2.9048	3.6872	3.0694	1.813	2.6402	2.3179	2.8525	3.0848	1.7564	3.2379	0.9105	3.4611	2.5542	3.5667	0.5747	1.6865	3.5802	2.7097	0.7038	2.7937	0.2353	0.8359	3.0076	3.2763	1.2285	3.2411
  a	0.9142	1.4377	1.4559	0.1251	1.4837	0.488	1.8007	1.0829	1.9527	1.0123	1.2931	0.3319	0.3761	1.1602	1.8859	0.5317	1.1672	2.1001	1.1626	1.1987	1.5021	1.3504	1.197	1.8231	1.0767	1.8731	1.1419	1.9951	0.5704	0.8914	1.0375	2.1369	0	2.0302	1.2935	1.7835	1.6557	1.7667	0.4961	0.2367	1.4768	0.5123	1.3225	1.0271	0.4359	1.6853	1.684	1.7872	1.2388	1.0489	1.7176	0.641	0.2583	1.5856	1.9204	1.6353	1.5278	1.4088	2.0198	1.542	1.5172	1.3657	1.9449	1.4402	1.9696	0.6543	1.3925	1.149	0.8677	1.8711	1.9239	2.0079	1.4824	2.1306	1.5423	1.8421	1.6441	2.0816	0.1745	0.1982	1.0592	0.9706	0.492	0.4438	1.8377	2.1016	1.581	2.0279	1.6742	0.9859	1.4352	1.261	1.5595	1.6828	0.9616	1.7657	0.5142	1.8972	1.3858	1.9577	0.3341	0.9228	1.966	1.4746	0.4044	1.52	0.1435	0.3327	1.64	1.7903	0.6834	1.7709
  b	1.582	2.5138	2.5443	0.1952	2.5941	0.8226	3.135	1.8925	3.3902	1.765	2.2693	0.5444	0.6225	2.025	3.2786	0.899	2.0358	3.6309	1.9651	2.0927	2.6285	2.3624	2.0916	3.1734	1.8601	3.2575	1.7105	3.4592	0.9679	1.5448	1.8024	3.6898	2.0302	0	2.2618	3.1044	2.8884	3.0781	0.8332	0.5696	2.5817	0.8632	2.3154	1.7954	0.7275	2.9386	2.9357	1.6408	2.1632	1.8275	2.9963	1.0938	0.4173	2.7613	3.3348	2.8529	2.6583	2.4558	3.5	2.6823	2.6515	2.3873	3.374	2.5182	3.4162	1.1134	2.4333	2.0041	1.4948	3.2521	3.3415	3.4801	2.5904	3.6826	2.6941	2.9261	2.8703	3.6016	0.2715	0.316	1.8359	1.6939	0.824	0.7398	3.1968	3.6317	2.7625	3.5123	2.9197	1.7217	2.5094	2.2025	2.7121	2.9344	1.669	3.0803	0.8669	3.2951	2.4266	3.3965	0.5483	1.6023	3.4095	2.5759	0.6711	2.656	0.2254	0.5321	2.8606	3.1176	1.1684	3.084
  c	1.0141	1.6007	1.6217	0.1356	1.6519	0.5375	2.0064	1.2039	2.1758	1.1246	1.4401	0.3636	0.4129	1.2904	2.1014	0.5853	1.2946	2.3395	1.2517	1.3334	1.6736	1.5034	1.3317	2.0311	1.1848	2.0871	1.0893	2.2228	0.6297	0.989	1.1521	2.3803	1.2935	2.2618	0	1.9872	1.8431	1.9685	0.5461	0.5115	1.6452	0.5647	1.48	1.1419	0.4793	1.8778	1.8739	1.0503	1.3791	1.1655	1.914	0.7082	0.2817	1.7607	2.1398	1.82	1.6942	1.5612	2.2503	1.7098	1.6898	1.5206	2.1669	1.6035	2.1946	0.7219	1.5502	1.2774	0.957	2.0848	2.1437	2.2371	1.6518	2.3738	1.7179	1.8683	1.8322	2.3192	0.1863	0.2158	1.1757	1.0782	0.5418	0.4881	2.0477	2.341	1.7615	2.2594	1.8653	1.0958	1.5979	1.4155	1.729	1.875	1.0678	1.9679	0.5668	2.1138	1.543	2.1813	0.3662	1.0243	2.1905	1.642	0.4442	1.6929	0.1555	0.3557	1.8382	1.9948	0.7558	1.9732
  d	1.3913	2.2098	2.2372	0.1754	2.2805	0.7266	2.7626	1.6614	2.9913	1.5498	1.9919	0.4837	0.5522	1.779	2.8912	0.7935	1.7873	3.2087	1.7259	1.8386	2.3109	2.0757	1.8372	2.7967	1.6334	2.8721	1.5017	3.0536	0.8541	1.358	1.5843	3.2623	1.7835	3.1044	1.9872	0	2.5421	2.7117	0.7368	0.3396	2.2701	0.7629	2.0339	1.5758	0.644	2.5876	2.5842	1.4426	1.901	1.6053	2.6384	0.964	0.3719	2.4292	2.9419	2.5105	2.3378	2.1574	3.0904	2.3592	2.3319	2.0982	2.9775	2.2136	3.0153	0.9818	2.1389	1.7608	1.3137	2.8678	2.9478	3.0725	2.2782	3.2551	2.3698	2.5759	2.5264	3.1821	0.243	0.2825	1.6147	1.4869	0.7293	0.6553	2.8181	3.2099	2.4299	3.1018	2.5707	1.5113	2.2059	1.9353	2.3855	2.5838	1.4671	2.7128	0.766	2.9065	2.1316	2.9975	0.7302	1.4081	3.0093	2.2651	0.5948	2.3359	0.202	0.473	2.5182	2.7471	1.0297	2.7173
  e	1.2913	2.0506	2.0759	0.1646	2.117	0.6759	2.5672	1.5405	2.7817	1.4374	1.8469	0.4518	0.5146	1.6501	2.6877	0.7384	1.6605	2.9865	1.6058	1.7056	2.1443	1.9259	1.704	2.5992	1.5244	2.6698	1.3923	2.8404	0.7937	1.26	1.4703	3.037	1.6557	2.8884	1.8431	2.5421	0	2.5194	0.6856	0.3176	2.1068	0.7096	1.8863	1.4606	0.5996	2.4032	2.6258	1.3409	1.7628	1.489	2.4506	0.8956	0.3478	2.259	2.7355	2.8317	2.1748	2.0068	2.875	2.1949	2.1644	1.9465	2.769	2.0542	2.8043	0.9133	1.9851	1.6335	1.2285	2.6659	2.7408	2.8583	2.1139	3.0299	2.2002	2.3933	2.3458	2.9612	0.2309	0.2644	1.499	1.3784	0.6787	0.6102	2.6193	2.9877	2.2559	2.8858	2.3875	1.401	2.0469	1.7954	2.2198	2.3998	1.3611	2.52	0.7124	2.7023	1.9784	2.7876	0.4546	1.3063	2.7989	2.1027	0.5543	2.1682	0.1896	0.476	2.3385	2.5526	0.9564	2.5247
  f	1.378	2.1895	2.2166	0.1737	2.2597	0.7195	2.7384	1.6455	2.9656	1.535	1.9732	0.4795	0.5498	1.7622	2.8661	0.7856	1.7704	3.1818	1.7096	1.8214	2.2897	2.1762	1.8199	2.7723	1.6178	2.8472	1.4926	3.0276	0.8456	1.8223	1.5694	3.235	1.7667	3.0781	1.9685	2.7117	2.5194	0	0.7295	0.3364	2.2494	0.7554	2.0149	1.5605	0.638	2.5645	2.5612	1.4287	1.883	1.59	2.615	0.9546	0.3683	2.4073	2.9166	2.4881	2.3165	2.1375	3.0642	2.3377	2.3106	2.0787	2.952	2.1933	2.9894	0.9723	2.1193	1.7442	1.3007	2.8429	2.9224	3.0464	2.2572	3.2278	2.3485	2.5529	2.5037	3.1553	0.241	0.2798	1.5995	1.4725	0.7221	0.6489	2.7935	3.1829	2.408	3.0755	2.5477	1.4966	2.1856	1.9172	2.3639	2.5608	1.453	2.6888	0.7584	2.8814	2.1122	2.9718	0.4824	1.3948	2.9836	2.2446	0.5891	2.3147	0.2002	0.4684	2.4956	2.7926	1.0196	2.6934
  g	0.4008	0.6056	0.6092	0.0698	0.619	0.245	0.7431	0.4736	0.802	0.471	0.5447	0.1656	0.1838	0.4947	0.776	0.2466	0.4951	0.8604	0.4815	0.51	0.6261	0.5678	0.5087	0.7946	0.4579	0.771	0.4227	0.8191	0.4004	0.3906	0.4489	0.875	0.4961	0.8332	0.5461	0.7368	0.6856	0.7295	0	0.1237	0.6169	0.2402	0.5565	0.6553	0.2095	0.6983	0.6963	0.413	0.5258	0.584	0.7108	0.3183	0.1327	0.6573	0.7899	0.6776	0.6346	0.587	0.8297	0.64	0.6354	0.5744	0.7999	0.6066	0.8091	0.2983	0.5852	0.4926	0.3814	0.7707	0.791	0.8241	0.6193	0.8716	0.6427	0.6944	0.6816	0.8526	0.0923	0.1051	0.4594	0.4312	0.233	0.2128	0.7574	0.8613	0.6573	0.8322	1.031	0.4248	0.6046	0.5342	0.6466	1.036	0.4186	0.7283	0.2423	0.7811	0.581	0.8044	0.1662	0.4025	0.808	0.6171	0.2149	0.6462	0.0793	0.1625	0.681	0.7388	0.3097	0.7315
  h	0.196	0.2829	0.2851	0.045	0.2891	0.1222	0.3422	0.2225	0.3671	0.2113	0.2563	0.0978	0.1	0.2692	0.356	0.1276	0.2359	0.392	0.2305	0.2428	0.2919	0.3996	0.242	0.3459	0.2202	0.3539	0.2046	0.3744	0.1358	0.1916	0.2171	0.3982	0.2367	0.5696	0.5115	0.3396	0.3176	0.3364	0.1237	0	0.2883	0.1256	0.6313	0.2122	0.114	0.3232	0.3222	0.2012	0.2496	0.2179	0.3283	0.1499	0.0759	0.3056	0.3624	0.3142	0.2961	0.2753	0.3784	0.2984	0.2959	0.2704	0.3665	0.2833	0.3702	0.1515	0.2751	0.252	0.1887	0.354	0.3625	0.3767	0.2893	0.3964	0.2994	0.3214	0.3158	0.3885	0.0876	0.0622	0.2224	0.2037	0.1232	0.1132	0.3483	0.3925	0.6093	0.3799	0.3214	0.2051	0.2825	0.3738	0.3012	0.3229	0.2037	0.3354	0.126	0.3584	0.2745	0.3682	0.1042	0.1969	0.3698	0.2888	0.1124	0.2963	0.0497	0.0902	0.4693	0.3403	0.1563	0.3373
  i	1.1543	1.8303	1.8564	0.1502	1.8882	0.608	2.2926	1.3754	2.485	1.2834	1.6469	0.4429	0.4643	1.4725	2.4006	0.6627	1.4792	2.6699	1.4291	1.5222	1.9133	1.718	1.5209	2.3209	1.3531	2.3843	1.2428	2.5381	0.7126	1.1262	1.3132	2.7159	1.4768	2.5817	1.6452	2.2701	2.1068	2.2494	0.6169	0.2883	0	0.6378	1.6832	1.3042	0.5404	2.1455	2.1423	1.1964	1.5738	1.3296	2.1869	0.8034	0.3153	2.0132	2.4436	2.0804	1.9372	1.7858	2.5692	1.955	1.9318	1.7374	2.4742	1.8335	2.5058	0.8184	1.7712	1.458	1.089	2.3813	2.4483	2.5541	1.9074	2.709	1.963	2.1355	2.4379	2.6471	0.2071	0.2403	1.3396	1.2314	0.6109	0.5497	2.3392	2.6714	2.0132	2.5792	2.1314	1.2508	1.8271	1.6022	1.977	2.1425	1.2155	2.2494	0.6405	2.4141	1.7634	2.4907	0.411	1.167	2.5011	1.876	0.5	1.9353	0.1728	0.3993	2.0877	2.2793	0.8573	2.2544
  j	0.4127	0.6227	0.6303	0.0703	0.6403	0.2354	0.7694	0.4785	0.8308	0.4507	0.5618	0.1929	0.1879	0.5107	0.8037	0.253	0.5114	0.8924	0.497	0.5268	0.6478	0.5871	0.5265	0.7783	0.4727	0.7984	0.4365	0.8483	0.2706	0.4028	0.4631	0.9066	0.5123	0.8632	0.5647	0.7629	0.7096	0.7554	0.2402	0.1256	0.6378	0	0.5754	0.4553	0.2178	0.7229	0.7208	0.4256	0.5433	0.4663	0.7351	0.3008	0.1349	0.6803	0.8201	0.7012	0.6567	0.6072	0.8582	0.6623	0.6549	0.5941	0.8286	0.6238	0.8381	0.3063	0.6051	0.5068	0.394	0.7987	0.8192	0.8549	0.6406	0.9031	0.6649	0.7189	0.7054	0.8834	0.0933	0.1064	0.4737	0.4326	0.2483	0.2176	0.7844	0.8923	0.6803	0.8619	0.7185	0.4385	0.6217	0.5519	0.6692	0.722	0.4312	0.7539	0.2469	0.8089	0.6093	0.8332	0.1696	0.4155	0.8372	0.6382	0.2022	0.6561	0.082	0.1655	0.705	0.7651	0.3181	0.7575
  k	1.0357	1.6381	1.6591	0.1375	1.6901	0.5488	2.0537	1.2309	2.2274	1.1494	1.4732	0.3699	0.4202	1.3193	2.1511	0.5966	1.3237	2.3952	1.2796	1.3634	1.7125	1.5379	1.3617	2.0791	1.211	2.1365	1.1133	2.2755	0.6419	1.0101	1.1773	2.437	1.3225	2.3154	1.48	2.0339	1.8863	2.0149	0.5565	0.6313	1.6832	0.5754	0	1.1672	0.4881	1.9217	1.9179	1.0729	1.4101	1.1912	1.9592	0.7229	0.2863	1.8018	2.1904	1.8626	1.7335	1.5972	2.3038	1.7494	1.7294	1.5553	2.2181	1.6409	2.2466	0.7363	1.5858	1.313	0.9773	2.134	2.1945	2.2902	1.6899	2.4304	1.7579	1.9121	1.8751	2.3744	0.1891	0.219	1.2013	1.1026	0.5519	0.497	2.096	2.3967	1.8029	2.313	1.9089	1.1199	1.6352	1.4375	1.7692	1.9188	1.0909	2.0143	0.5776	2.1637	1.5786	2.233	0.3722	1.0464	2.2423	1.6799	0.4548	1.7324	0.1578	0.3617	1.8712	2.0418	0.771	2.0196
  l	0.8087	1.2687	1.2857	0.1127	1.3091	0.4343	1.5909	0.9558	1.7259	1.0974	1.3677	0.3005	0.3353	1.0247	1.6665	0.4708	1.0271	1.8576	0.994	1.0586	1.326	1.1921	1.0569	1.611	0.9411	1.655	0.8657	1.7637	0.5066	0.7882	0.917	1.8905	1.0271	1.7954	1.1419	1.5758	1.4606	1.5605	0.6553	0.2122	1.3042	0.4553	1.1672	0	0.5416	1.4886	1.485	0.8367	1.0949	0.9288	1.517	0.5749	0.2309	1.3953	1.6976	1.4423	1.3428	1.2369	1.8077	1.3551	1.3393	1.2057	1.7193	1.2709	1.7413	0.5793	1.2296	1.0147	0.7644	1.6536	1.7004	1.7754	1.3097	1.8847	1.362	1.4806	1.4521	1.8416	0.154	0.183	1.3672	0.8568	0.4379	0.3952	1.6238	1.859	1.3961	1.7933	1.4808	0.8704	1.2664	1.1135	1.3704	1.4885	0.8506	1.5594	0.4568	1.6768	1.2239	1.7306	0.2981	0.8158	1.7382	1.3021	0.362	1.3419	0.1291	0.29	1.4485	1.5815	0.6057	1.5645
  m	0.3536	0.5286	0.5337	0.0639	0.5421	0.2074	0.6494	0.4081	0.7004	0.3849	0.4768	0.1624	0.1664	0.4347	0.6778	0.2194	0.4349	0.7516	0.4233	0.448	0.548	0.4983	0.4469	0.6569	0.4027	0.6735	0.3746	0.715	0.2347	0.3476	0.3956	0.7634	0.4359	0.7275	0.4793	0.644	0.5996	0.638	0.2095	0.114	0.5404	0.2178	0.4881	0.5416	0	0.6108	0.6089	0.3641	0.4619	0.3978	0.6214	0.2609	0.1198	0.5752	0.6918	0.5928	0.5556	0.5144	0.7232	0.5603	0.5553	0.5036	0.6987	0.5295	0.7065	0.2647	0.5131	0.4325	0.3392	0.6738	0.6909	0.7205	0.5425	0.7604	0.5627	0.6073	0.5962	0.7441	0.0843	0.0954	0.4047	0.371	0.2079	0.1903	0.6618	0.7517	0.5754	0.7263	0.6071	0.3739	0.5278	0.469	0.566	0.61	0.3692	0.6363	0.2151	0.6823	0.5177	0.7024	0.1504	0.3597	0.7056	0.5408	0.1811	0.5559	0.0752	0.1461	0.5959	0.6458	0.2745	0.6395
  n	1.3154	2.0883	2.1145	0.1674	2.1552	0.6885	2.613	1.5695	2.8304	1.4643	1.8814	0.4594	0.7477	1.6811	2.7352	0.7515	1.6885	3.0379	1.6308	1.7374	2.1839	1.9614	1.736	2.6452	1.5433	2.717	1.4188	2.8899	0.8088	1.2838	1.4976	3.0892	1.6853	2.9386	1.8778	2.5876	2.4032	2.5645	0.6983	0.3232	2.1455	0.7229	1.9217	1.4886	0.6108	0	2.4432	1.3637	1.7965	1.517	2.4947	0.9124	0.3538	2.2963	2.7836	2.3733	2.2096	2.0383	2.925	2.2299	2.204	1.9829	2.8177	2.092	2.8535	0.9294	2.0214	1.6639	1.2414	2.7131	2.7891	2.908	2.1534	3.082	2.2401	2.4355	2.3885	3.0125	0.2316	0.2691	1.5267	1.4047	0.6916	0.6216	2.6658	3.0392	2.297	2.936	2.4307	1.4277	2.0846	1.8288	2.2549	2.4432	1.3868	2.5651	0.7258	2.75	2.0139	2.8366	0.4628	1.3309	2.8479	2.1409	0.5644	2.2079	0.1927	0.4494	2.381	2.5982	0.9761	2.57
  o	1.3127	2.0848	2.1106	0.1668	2.1527	0.6865	2.6098	1.5662	2.8275	1.4614	1.878	0.459	0.5224	1.6778	2.7321	0.7504	1.6894	3.0353	1.6347	1.7341	2.1802	1.9583	1.7326	2.6423	1.5535	2.714	1.4156	2.8871	0.8064	1.2808	1.4948	3.0866	1.684	2.9357	1.8739	2.5842	2.6258	2.5612	0.6963	0.3222	2.1423	0.7208	1.9179	1.485	0.6089	2.4432	0	1.364	1.7923	1.5139	2.4915	0.91	0.3529	2.298	2.7806	2.6214	2.2126	2.0423	2.9222	2.2332	2.2005	1.979	2.8146	2.0884	2.8505	0.9283	2.0184	1.6609	1.2534	2.71	2.7861	2.9053	2.1493	3.0794	2.2371	2.4336	2.3849	3.0097	0.2357	0.2682	1.5239	1.4013	0.6893	0.6197	2.6626	3.0365	2.2936	2.9331	2.4272	1.4244	2.0811	1.8255	2.2586	2.4397	1.3839	2.562	0.7236	2.7469	2.0123	2.8335	0.4615	1.328	2.8449	2.1379	0.5627	2.2043	0.1922	0.5069	2.3774	2.5949	0.9719	2.5666
