Character to attribute mapping:
  h: ?
  A: Algeria
  B: Armenia
  C: Azerbaijan
  D: Bolivia
  E: Brazil
  F: Canada
  G: China
  H: Democratic Republic of the Congo
  I: England
  J: Estonia
  K: France
  L: Georgia
  M: Germany
  N: India
  O: Indonesia
  P: Iran
  Q: Italy
  R: Kazakhstan
  S: Kenya
  T: Kyrgyzstan
  U: Lithuania
  V: Madagascar
  W: Mongolia
  X: Myanmar
  Y: Nepal
  Z: Norway
  [: Peru
  \: Poland
  ]: Russia
  ^: Spain
  _: Switzerland
  `: Tajikistan
  a: The Netherlands
  b: Turkmenistan
  c: Uganda
  d: United States of America
  e: Uzbekistan
  f: Vietnam
  g: Zimbabwe


Substitution rate (mu): 0.003595

Equilibrium frequencies (pi_i):
  A: 0.0127
  B: 0.0262
  C: 0.0391
  D: 0.0121
  E: 0.0124
  F: 0.0103
  G: 0.0908
  H: 0.0153
  I: 0.0235
  J: 0.0113
  K: 0.0215
  L: 0.0352
  M: 0.0382
  N: 0.0239
  O: 0.0164
  P: 0.0181
  Q: 0.0096
  R: 0.0456
  S: 0.0144
  T: 0.048
  U: 0.0165
  V: 0.0231
  W: 0.0557
  X: 0.0101
  Y: 0.01
  Z: 0.0092
  [: 0.0531
  \: 0.0087
  ]: 0.1171
  ^: 0.0104
  _: 0.0131
  `: 0.0201
  a: 0.0185
  b: 0.0179
  c: 0.009
  d: 0.0344
  e: 0.0132
  f: 0.0228
  g: 0.0125

Symmetrized rates from j->i (W_ij):
	A	B	C	D	E	F	G	H	I	J	K	L	M	N	O	P	Q	R	S	T	U	V	W	X	Y	Z	[	\	]	^	_	`	a	b	c	d	e	f	g
  A	0	2.3948	1.331	5.9592	5.792	7.0914	0.1924	4.4653	2.4922	6.4215	3.0667	1.4118	1.0649	2.7641	4.2452	3.645	7.6389	0.4655	4.8467	0.9176	4.1744	2.5446	0.6386	7.2901	7.3273	7.9819	0.6177	8.5448	0.1438	7.0795	5.3721	3.2331	3.4508	3.9427	8.1962	1.4615	5.3458	2.7214	5.6944
  B	2.3948	0	1.4398	2.5454	2.4681	3.0683	0.0677	1.9028	1.0666	2.7621	1.2963	1.8443	0.4669	1.1465	1.7715	1.5475	3.3187	0.214	2.0675	0.4021	1.7775	1.065	0.2844	3.1506	3.1711	3.4762	0.276	3.7387	0.0669	3.055	2.2984	1.3765	1.4594	1.6602	3.5753	0.6246	2.2883	1.1377	2.4268
  C	1.331	1.4398	0	1.4118	1.3711	1.7014	0.0442	1.0627	0.6088	1.5308	0.7272	0.3662	0.2781	0.6434	0.9875	1.1303	1.8396	0.2654	1.1518	0.2378	0.9941	0.6075	0.1718	1.7439	1.7568	1.9262	0.1692	2.0699	0.1098	1.6908	1.2815	0.7761	0.8232	1.0049	1.9795	0.364	1.274	0.6446	1.3485
  D	5.9592	2.5454	1.4118	0	6.139	7.516	0.1743	4.7405	2.6465	6.8097	3.2601	1.4962	1.1244	2.9196	4.476	3.8723	8.0923	0.49	5.1456	0.9707	4.4338	2.6718	0.6745	7.7244	7.7652	8.4531	0.6975	9.045	0.151	7.5054	5.7043	3.4326	3.6477	4.1927	8.6789	1.5409	5.6733	2.8669	6.0377
  E	5.792	2.4681	1.3711	6.139	0	7.2968	0.1973	4.5993	2.5674	6.6096	3.1604	1.4538	1.0961	2.8531	4.3779	3.7556	7.8583	0.4785	4.9916	0.9447	4.3001	2.6239	0.6571	7.5016	7.5393	8.21	0.6358	8.7863	0.1477	7.2854	5.5317	3.331	3.5558	4.0634	8.4294	1.5066	5.5045	2.8065	5.8698
  F	7.0914	3.0683	1.7014	7.516	7.2968	0	0.1808	5.6796	3.1794	8.1151	3.9243	1.7978	1.3456	3.4884	5.3281	4.6528	9.6012	0.5834	6.1643	1.1668	5.3194	3.1755	0.8083	9.1774	9.2269	10.0174	0.7783	10.6959	0.1796	8.9274	6.8128	4.1246	4.3632	5.0465	10.2766	2.7461	6.784	3.4183	7.1814
  G	0.1924	0.0677	0.0442	0.1743	0.1973	0.1808	0	0.1186	0.0745	0.1636	0.0834	0.0487	0.0615	0.1664	0.1199	0.0992	0.1951	0.0679	0.1268	0.0395	0.1115	0.1071	0.0428	0.2074	0.207	0.2034	0.0322	0.2157	0.0242	0.1789	0.1402	0.092	0.1229	0.1017	0.207	0.0602	0.1394	0.0865	0.1945
  H	4.4653	1.9028	1.0627	4.7405	4.5993	5.6796	0.1186	0	1.9897	5.1311	2.4374	1.1297	1.0423	2.1603	3.323	2.8989	6.1336	0.3799	3.8633	0.736	3.3205	1.9854	0.5155	5.8364	5.8699	6.4215	0.4985	6.8706	0.1176	5.6688	4.2836	2.5701	3.405	3.1286	9.9402	1.154	4.2653	2.1286	4.5239
  I	2.4922	1.0666	0.6088	2.6465	2.5674	3.1794	0.0745	1.9897	0	2.8688	2.0648	0.6519	1.4606	1.2044	1.8519	1.6211	3.4529	0.2335	2.1583	0.4321	1.8604	1.1249	0.3064	3.2646	3.2858	3.6699	0.2977	3.8611	0.1782	3.3529	2.3933	1.4434	1.5652	1.7333	3.695	0.6641	2.3823	1.1978	2.5251
  J	6.4215	2.7621	1.5308	6.8097	6.6096	8.1151	0.1636	5.1311	2.8688	0	3.5374	1.619	1.284	3.1397	4.8085	4.1971	8.7305	0.5277	5.5742	1.0497	4.8296	2.8606	0.7283	8.3366	8.3818	9.1148	0.7035	9.7444	0.1795	8.107	6.1742	3.7159	3.9354	4.5515	9.3552	1.6538	6.141	3.0792	6.5039
  K	3.0667	1.2963	0.7272	3.2601	3.1604	3.9243	0.0834	2.4374	2.0648	3.5374	0	0.776	1.0754	1.4687	2.2702	1.98	4.2575	0.2651	2.6497	0.5072	2.2753	1.3567	0.3565	4.0321	4.0568	4.473	0.3451	4.7752	0.0827	3.9346	2.9428	1.7579	2.0025	2.1316	4.5685	0.7911	2.929	1.4524	3.1077
  L	1.4118	1.8443	0.3662	1.4962	1.4538	1.7978	0.0487	1.1297	0.6519	1.619	0.776	0	0.3007	0.6884	1.0512	0.9254	1.9418	0.1474	1.2236	0.2568	1.0561	0.6516	0.1867	1.8424	1.8558	2.0319	0.1843	2.1808	0.047	1.786	1.358	0.8268	0.8786	0.9811	2.0869	0.3924	1.3517	0.6901	1.4302
  M	1.0649	0.4669	0.2781	1.1244	1.0961	1.3456	0.0615	1.0423	1.4606	1.284	1.0754	0.3007	0	0.5241	0.7938	0.7015	2.0991	0.1365	1.1338	0.2473	1.1681	0.5018	0.1553	1.3783	1.3887	2.1577	0.1499	1.6275	0.083	2.6342	1.5065	0.6275	1.1734	0.7383	1.5609	0.3072	1.0172	0.5279	1.0786
  N	2.7641	1.1465	0.6434	2.9196	2.8531	3.4884	0.1664	2.1603	1.2044	3.1397	1.4687	0.6884	0.5241	0	2.0888	1.7537	3.774	0.2368	2.3455	0.4497	2.016	2.4012	0.3167	3.5855	5.1821	3.9538	0.4066	4.2528	0.087	3.4753	2.6136	1.559	1.6656	1.8838	4.0668	0.8165	2.5974	1.3126	2.8028
  O	4.2452	1.7715	0.9875	4.476	4.3779	5.3281	0.1199	3.323	1.8519	4.8085	2.2702	1.0512	0.7938	2.0888	0	2.7048	5.7519	0.3534	3.6102	0.6839	3.1027	2.1605	0.479	5.4781	5.5072	6.0182	0.4669	6.4584	0.1095	5.3139	4.0138	2.3971	2.5502	2.9187	6.1853	1.0908	3.9904	2.0071	4.3031
  P	3.645	1.5475	1.1303	3.8723	3.7556	4.6528	0.0992	2.8989	1.6211	4.1971	1.98	0.9254	0.7015	1.7537	2.7048	0	5.0257	0.3163	3.1494	0.6045	2.7071	1.6192	0.4251	4.7806	4.8096	5.2599	0.4118	5.6478	0.1191	4.6378	3.4994	2.0942	2.2219	2.5415	5.4067	0.9443	3.4819	1.7333	3.6934
  Q	7.6389	3.3187	1.8396	8.0923	7.8583	9.6012	0.1951	6.1336	3.4529	8.7305	4.2575	1.9418	2.0991	3.774	5.7519	5.0257	0	0.6296	6.6536	1.2622	5.7425	3.4311	0.8723	9.8613	9.9139	10.8336	0.8392	11.4675	0.1947	9.6302	7.3419	4.4554	4.9463	5.4532	11.0245	1.9827	7.309	3.6948	7.735
  R	0.4655	0.214	0.2654	0.49	0.4785	0.5834	0.0679	0.3799	0.2335	0.5277	0.2651	0.1474	0.1365	0.2368	0.3534	0.3163	0.6296	0	0.407	0.1538	0.3548	0.2351	0.0809	0.5961	0.6014	0.6562	0.0808	0.6987	0.1914	0.5778	0.4495	0.2867	0.3081	1.1433	0.6702	0.1495	0.6635	0.2433	0.4712
  S	4.8467	2.0675	1.1518	5.1456	4.9916	6.1643	0.1268	3.8633	2.1583	5.5742	2.6497	1.2236	1.1338	2.3455	3.6102	3.1494	6.6536	0.407	0	0.7963	3.6114	2.1515	0.5556	6.3322	6.3692	6.9639	0.5363	7.4494	0.1259	6.1542	4.6532	2.7934	3.689	3.4033	7.14	1.2478	4.6333	2.3102	4.9101
  T	0.9176	0.4021	0.2378	0.9707	0.9447	1.1668	0.0395	0.736	0.4321	1.0497	0.5072	0.2568	0.2473	0.4497	0.6839	0.6045	1.2622	0.1538	0.7963	0	0.6884	0.4292	0.1272	1.1944	1.2036	1.3192	0.1267	1.4137	0.0365	1.1596	0.8858	0.5416	0.5809	0.6378	1.353	0.2619	0.8799	0.4532	0.9294
  U	4.1744	1.7775	0.9941	4.4338	4.3001	5.3194	0.1115	3.3205	1.8604	4.8296	2.2753	1.0561	1.1681	2.016	3.1027	2.7071	5.7425	0.3548	3.6114	0.6884	0	1.8515	0.482	5.4654	5.4972	6.0065	0.4685	9.6422	0.116	5.3058	4.0123	2.3987	2.546	2.9239	6.1723	1.078	3.9894	1.9867	4.2294
  V	2.5446	1.065	0.6075	2.6718	2.6239	3.1755	0.1071	1.9854	1.1249	2.8606	1.3567	0.6516	0.5018	2.4012	2.1605	1.6192	3.4311	0.2351	2.1515	0.4292	1.8515	0	0.3067	3.2615	3.2814	3.5914	0.3012	3.8559	0.1236	3.1599	2.3921	1.4408	1.5369	1.7285	3.6901	0.6768	2.3787	1.2141	2.5792
  W	0.6386	0.2844	0.1718	0.6745	0.6571	0.8083	0.0428	0.5155	0.3064	0.7283	0.3565	0.1867	0.1553	0.3167	0.479	0.4251	0.8723	0.0809	0.5556	0.1272	0.482	0.3067	0	0.8267	0.8336	0.9115	0.0949	0.9756	0.0449	0.8014	0.6165	0.3833	0.4078	0.4447	0.9344	0.1897	0.6127	0.3216	0.6467
  X	7.2901	3.1506	1.7439	7.7244	7.5016	9.1774	0.2074	5.8364	3.2646	8.3366	4.0321	1.8424	1.3783	3.5855	5.4781	4.7806	9.8613	0.5961	6.3322	1.1944	5.4654	3.2615	0.8267	0	9.4782	10.288	0.7965	10.9824	0.1834	9.172	7.0061	4.2362	4.4823	5.1868	10.5532	1.8831	6.9691	4.0914	7.3827
  Y	7.3273	3.1711	1.7568	7.7652	7.5393	9.2269	0.207	5.8699	3.2858	8.3818	4.0568	1.8558	1.3887	5.1821	5.5072	4.8096	9.9139	0.6014	6.3692	1.2036	5.4972	3.2814	0.8336	9.4782	0	10.3424	0.803	11.0393	0.1851	9.2214	7.0447	4.2617	4.5091	5.2177	10.6083	1.8954	7.0089	3.5328	7.4201
  Z	7.9819	3.4762	1.9262	8.4531	8.21	10.0174	0.2034	6.4215	3.6699	9.1148	4.473	2.0319	2.1577	3.9538	6.0182	5.2599	10.8336	0.6562	6.9639	1.3192	6.0065	3.5914	0.9115	10.288	10.3424	0	0.877	11.9475	0.2027	10.4901	7.6731	4.6633	5.2985	5.7092	11.4902	2.0751	7.638	3.8686	8.0818
  [	0.6177	0.276	0.1692	0.6975	0.6358	0.7783	0.0322	0.4985	0.2977	0.7035	0.3451	0.1843	0.1499	0.4066	0.4669	0.4118	0.8392	0.0808	0.5363	0.1267	0.4685	0.3012	0.0949	0.7965	0.803	0.877	0	0.9381	0.0266	0.7713	0.5939	0.3753	0.3961	0.4295	0.8987	0.2356	0.5911	0.3143	0.6256
  \	8.5448	3.7387	2.0699	9.045	8.7863	10.6959	0.2157	6.8706	3.8611	9.7444	4.7752	2.1808	1.6275	4.2528	6.4584	5.6478	11.4675	0.6987	7.4494	1.4137	9.6422	3.8559	0.9756	10.9824	11.0393	11.9475	0.9381	0	0.2147	10.6962	8.2149	5.0081	5.292	6.135	12.2435	2.2268	8.1801	4.1564	8.6506
  ]	0.1438	0.0669	0.1098	0.151	0.1477	0.1796	0.0242	0.1176	0.1782	0.1795	0.0827	0.047	0.083	0.087	0.1095	0.1191	0.1947	0.1914	0.1259	0.0365	0.116	0.1236	0.0449	0.1834	0.1851	0.2027	0.0266	0.2147	0	0.1781	0.1392	0.0978	0.1211	0.1078	0.2061	0.0474	0.1382	0.076	0.1455
  ^	7.0795	3.055	1.6908	7.5054	7.2854	8.9274	0.1789	5.6688	3.3529	8.107	3.9346	1.786	2.6342	3.4753	5.3139	4.6378	9.6302	0.5778	6.1542	1.1596	5.3058	3.1599	0.8014	9.172	9.2214	10.4901	0.7713	10.6962	0.1781	0	6.8012	4.1096	4.5029	5.0339	10.2752	1.8233	6.7706	3.4031	7.1696
  _	5.3721	2.2984	1.2815	5.7043	5.5317	6.8128	0.1402	4.2836	2.3933	6.1742	2.9428	1.358	1.5065	2.6136	4.0138	3.4994	7.3419	0.4495	4.6532	0.8858	4.0123	2.3921	0.6165	7.0061	7.0447	7.6731	0.5939	8.2149	0.1392	6.8012	0	3.1022	3.2857	3.7874	7.8782	1.3855	5.1331	2.5677	5.4419
  `	3.2331	1.3765	0.7761	3.4326	3.331	4.1246	0.092	2.5701	1.4434	3.7159	1.7579	0.8268	0.6275	1.559	2.3971	2.0942	4.4554	0.2867	2.7934	0.5416	2.3987	1.4408	0.3833	4.2362	4.2617	4.6633	0.3753	5.0081	0.0978	4.1096	3.1022	0	1.9728	2.2523	4.7936	0.8455	3.0877	1.5414	3.2759
  a	3.4508	1.4594	0.8232	3.6477	3.5558	4.3632	0.1229	3.405	1.5652	3.9354	2.0025	0.8786	1.1734	1.6656	2.5502	2.2219	4.9463	0.3081	3.689	0.5809	2.546	1.5369	0.4078	4.4823	4.5091	5.2985	0.3961	5.292	0.1211	4.5029	3.2857	1.9728	0	2.386	5.0775	0.9028	3.27	1.6424	3.4967
  b	3.9427	1.6602	1.0049	4.1927	4.0634	5.0465	0.1017	3.1286	1.7333	4.5515	2.1316	0.9811	0.7383	1.8838	2.9187	2.5415	5.4532	1.1433	3.4033	0.6378	2.9239	1.7285	0.4447	5.1868	5.2177	5.7092	0.4295	6.135	0.1078	5.0339	3.7874	2.2523	2.386	0	5.8717	1.0002	3.7665	1.8567	3.9955
  c	8.1962	3.5753	1.9795	8.6789	8.4294	10.2766	0.207	9.9402	3.695	9.3552	4.5685	2.0869	1.5609	4.0668	6.1853	5.4067	11.0245	0.6702	7.14	1.353	6.1723	3.6901	0.9344	10.5532	10.6083	11.4902	0.8987	12.2435	0.2061	10.2752	7.8782	4.7936	5.0775	5.8717	0	2.1308	7.8448	3.9767	8.2983
  d	1.4615	0.6246	0.364	1.5409	1.5066	2.7461	0.0602	1.154	0.6641	1.6538	0.7911	0.3924	0.3072	0.8165	1.0908	0.9443	1.9827	0.1495	1.2478	0.2619	1.078	0.6768	0.1897	1.8831	1.8954	2.0751	0.2356	2.2268	0.0474	1.8233	1.3855	0.8455	0.9028	1.0002	2.1308	0	1.3787	0.7143	1.4811
  e	5.3458	2.2883	1.274	5.6733	5.5045	6.784	0.1394	4.2653	2.3823	6.141	2.929	1.3517	1.0172	2.5974	3.9904	3.4819	7.309	0.6635	4.6333	0.8799	3.9894	2.3787	0.6127	6.9691	7.0089	7.638	0.5911	8.1801	0.1382	6.7706	5.1331	3.0877	3.27	3.7665	7.8448	1.3787	0	2.5553	5.4153
  f	2.7214	1.1377	0.6446	2.8669	2.8065	3.4183	0.0865	2.1286	1.1978	3.0792	1.4524	0.6901	0.5279	1.3126	2.0071	1.7333	3.6948	0.2433	2.3102	0.4532	1.9867	1.2141	0.3216	4.0914	3.5328	3.8686	0.3143	4.1564	0.076	3.4031	2.5677	1.5414	1.6424	1.8567	3.9767	0.7143	2.5553	0	2.7586
  g	5.6944	2.4268	1.3485	6.0377	5.8698	7.1814	0.1945	4.5239	2.5251	6.5039	3.1077	1.4302	1.0786	2.8028	4.3031	3.6934	7.735	0.4712	4.9101	0.9294	4.2294	2.5792	0.6467	7.3827	7.4201	8.0818	0.6256	8.6506	0.1455	7.1696	5.4419	3.2759	3.4967	3.9955	8.2983	1.4811	5.4153	2.7586	0

Actual rates from j->i (Q_ij):
	A	B	C	D	E	F	G	H	I	J	K	L	M	N	O	P	Q	R	S	T	U	V	W	X	Y	Z	[	\	]	^	_	`	a	b	c	d	e	f	g
  A	0	0.0304	0.0169	0.0756	0.0735	0.09	0.0024	0.0566	0.0316	0.0815	0.0389	0.0179	0.0135	0.0351	0.0539	0.0462	0.0969	0.0059	0.0615	0.0116	0.053	0.0323	0.0081	0.0925	0.093	0.1013	0.0078	0.1084	0.0018	0.0898	0.0681	0.041	0.0438	0.05	0.104	0.0185	0.0678	0.0345	0.0722
  B	0.0627	0	0.0377	0.0666	0.0646	0.0803	0.0018	0.0498	0.0279	0.0723	0.0339	0.0483	0.0122	0.03	0.0464	0.0405	0.0869	0.0056	0.0541	0.0105	0.0465	0.0279	0.0074	0.0825	0.083	0.091	0.0072	0.0979	0.0018	0.08	0.0602	0.036	0.0382	0.0435	0.0936	0.0164	0.0599	0.0298	0.0635
  C	0.052	0.0562	0	0.0551	0.0536	0.0665	0.0017	0.0415	0.0238	0.0598	0.0284	0.0143	0.0109	0.0251	0.0386	0.0442	0.0719	0.0104	0.045	0.0093	0.0388	0.0237	0.0067	0.0681	0.0686	0.0752	0.0066	0.0809	0.0043	0.066	0.0501	0.0303	0.0322	0.0393	0.0773	0.0142	0.0498	0.0252	0.0527
  D	0.0723	0.0309	0.0171	0	0.0744	0.0911	0.0021	0.0575	0.0321	0.0826	0.0395	0.0181	0.0136	0.0354	0.0543	0.047	0.0981	0.0059	0.0624	0.0118	0.0538	0.0324	0.0082	0.0937	0.0942	0.1025	0.0085	0.1097	0.0018	0.091	0.0692	0.0416	0.0442	0.0508	0.1053	0.0187	0.0688	0.0348	0.0732
  E	0.0716	0.0305	0.017	0.0759	0	0.0902	0.0024	0.0569	0.0317	0.0817	0.0391	0.018	0.0136	0.0353	0.0541	0.0464	0.0972	0.0059	0.0617	0.0117	0.0532	0.0324	0.0081	0.0928	0.0932	0.1015	0.0079	0.1086	0.0018	0.0901	0.0684	0.0412	0.044	0.0502	0.1042	0.0186	0.0681	0.0347	0.0726
  F	0.0729	0.0316	0.0175	0.0773	0.075	0	0.0019	0.0584	0.0327	0.0834	0.0404	0.0185	0.0138	0.0359	0.0548	0.0478	0.0987	0.006	0.0634	0.012	0.0547	0.0327	0.0083	0.0944	0.0949	0.103	0.008	0.11	0.0018	0.0918	0.0701	0.0424	0.0449	0.0519	0.1057	0.0282	0.0698	0.0352	0.0738
  G	0.0175	0.0061	0.004	0.0158	0.0179	0.0164	0	0.0108	0.0068	0.0149	0.0076	0.0044	0.0056	0.0151	0.0109	0.009	0.0177	0.0062	0.0115	0.0036	0.0101	0.0097	0.0039	0.0188	0.0188	0.0185	0.0029	0.0196	0.0022	0.0162	0.0127	0.0084	0.0112	0.0092	0.0188	0.0055	0.0127	0.0079	0.0177
  H	0.0683	0.0291	0.0163	0.0725	0.0704	0.0869	0.0018	0	0.0304	0.0785	0.0373	0.0173	0.0159	0.0331	0.0508	0.0444	0.0938	0.0058	0.0591	0.0113	0.0508	0.0304	0.0079	0.0893	0.0898	0.0982	0.0076	0.1051	0.0018	0.0867	0.0655	0.0393	0.0521	0.0479	0.1521	0.0177	0.0653	0.0326	0.0692
  I	0.0586	0.0251	0.0143	0.0622	0.0604	0.0748	0.0018	0.0468	0	0.0675	0.0486	0.0153	0.0344	0.0283	0.0436	0.0381	0.0812	0.0055	0.0508	0.0102	0.0438	0.0265	0.0072	0.0768	0.0773	0.0863	0.007	0.0908	0.0042	0.0789	0.0563	0.0339	0.0368	0.0408	0.0869	0.0156	0.056	0.0282	0.0594
  J	0.0729	0.0313	0.0174	0.0773	0.075	0.0921	0.0019	0.0582	0.0326	0	0.0401	0.0184	0.0146	0.0356	0.0546	0.0476	0.0991	0.006	0.0633	0.0119	0.0548	0.0325	0.0083	0.0946	0.0951	0.1034	0.008	0.1106	0.002	0.092	0.0701	0.0422	0.0447	0.0517	0.1062	0.0188	0.0697	0.0349	0.0738
  K	0.066	0.0279	0.0157	0.0702	0.0681	0.0845	0.0018	0.0525	0.0445	0.0762	0	0.0167	0.0232	0.0316	0.0489	0.0426	0.0917	0.0057	0.0571	0.0109	0.049	0.0292	0.0077	0.0868	0.0874	0.0963	0.0074	0.1028	0.0018	0.0847	0.0634	0.0379	0.0431	0.0459	0.0984	0.017	0.0631	0.0313	0.0669
  L	0.0497	0.0649	0.0129	0.0526	0.0512	0.0633	0.0017	0.0397	0.0229	0.057	0.0273	0	0.0106	0.0242	0.037	0.0326	0.0683	0.0052	0.0431	0.009	0.0372	0.0229	0.0066	0.0648	0.0653	0.0715	0.0065	0.0767	0.0017	0.0628	0.0478	0.0291	0.0309	0.0345	0.0734	0.0138	0.0476	0.0243	0.0503
  M	0.0406	0.0178	0.0106	0.0429	0.0418	0.0514	0.0023	0.0398	0.0557	0.049	0.041	0.0115	0	0.02	0.0303	0.0268	0.0801	0.0052	0.0433	0.0094	0.0446	0.0192	0.0059	0.0526	0.053	0.0824	0.0057	0.0621	0.0032	0.1005	0.0575	0.024	0.0448	0.0282	0.0596	0.0117	0.0388	0.0201	0.0412
  N	0.066	0.0274	0.0154	0.0697	0.0682	0.0833	0.004	0.0516	0.0288	0.075	0.0351	0.0164	0.0125	0	0.0499	0.0419	0.0902	0.0057	0.056	0.0107	0.0482	0.0574	0.0076	0.0857	0.1238	0.0944	0.0097	0.1016	0.0021	0.083	0.0624	0.0372	0.0398	0.045	0.0971	0.0195	0.062	0.0314	0.067
  O	0.0697	0.0291	0.0162	0.0735	0.0719	0.0875	0.002	0.0545	0.0304	0.0789	0.0373	0.0173	0.013	0.0343	0	0.0444	0.0944	0.0058	0.0593	0.0112	0.0509	0.0355	0.0079	0.0899	0.0904	0.0988	0.0077	0.106	0.0018	0.0872	0.0659	0.0393	0.0419	0.0479	0.1015	0.0179	0.0655	0.0329	0.0706
  P	0.066	0.028	0.0205	0.0701	0.068	0.0842	0.0018	0.0525	0.0293	0.076	0.0358	0.0167	0.0127	0.0317	0.049	0	0.091	0.0057	0.057	0.0109	0.049	0.0293	0.0077	0.0865	0.0871	0.0952	0.0075	0.1022	0.0022	0.0839	0.0633	0.0379	0.0402	0.046	0.0979	0.0171	0.063	0.0314	0.0669
  Q	0.0733	0.0318	0.0176	0.0776	0.0754	0.0921	0.0019	0.0588	0.0331	0.0837	0.0408	0.0186	0.0201	0.0362	0.0552	0.0482	0	0.006	0.0638	0.0121	0.0551	0.0329	0.0084	0.0946	0.0951	0.1039	0.0081	0.11	0.0019	0.0924	0.0704	0.0427	0.0474	0.0523	0.1058	0.019	0.0701	0.0354	0.0742
  R	0.0212	0.0098	0.0121	0.0223	0.0218	0.0266	0.0031	0.0173	0.0106	0.0241	0.0121	0.0067	0.0062	0.0108	0.0161	0.0144	0.0287	0	0.0186	0.007	0.0162	0.0107	0.0037	0.0272	0.0274	0.0299	0.0037	0.0319	0.0087	0.0263	0.0205	0.0131	0.0141	0.0521	0.0306	0.0068	0.0303	0.0111	0.0215
  S	0.0697	0.0298	0.0166	0.074	0.0718	0.0887	0.0018	0.0556	0.0311	0.0802	0.0381	0.0176	0.0163	0.0338	0.052	0.0453	0.0957	0.0059	0	0.0115	0.052	0.031	0.008	0.0911	0.0917	0.1002	0.0077	0.1072	0.0018	0.0886	0.067	0.0402	0.0531	0.049	0.1027	0.018	0.0667	0.0332	0.0707
  T	0.044	0.0193	0.0114	0.0466	0.0453	0.056	0.0019	0.0353	0.0207	0.0503	0.0243	0.0123	0.0119	0.0216	0.0328	0.029	0.0605	0.0074	0.0382	0	0.033	0.0206	0.0061	0.0573	0.0577	0.0633	0.0061	0.0678	0.0018	0.0556	0.0425	0.026	0.0279	0.0306	0.0649	0.0126	0.0422	0.0217	0.0446
  U	0.0689	0.0293	0.0164	0.0732	0.071	0.0878	0.0018	0.0548	0.0307	0.0797	0.0376	0.0174	0.0193	0.0333	0.0512	0.0447	0.0948	0.0059	0.0596	0.0114	0	0.0306	0.008	0.0902	0.0907	0.0991	0.0077	0.1591	0.0019	0.0876	0.0662	0.0396	0.042	0.0483	0.1019	0.0178	0.0658	0.0328	0.0698
  V	0.0589	0.0246	0.0141	0.0618	0.0607	0.0735	0.0025	0.0459	0.026	0.0662	0.0314	0.0151	0.0116	0.0556	0.05	0.0375	0.0794	0.0054	0.0498	0.0099	0.0428	0	0.0071	0.0755	0.0759	0.0831	0.007	0.0892	0.0029	0.0731	0.0554	0.0333	0.0356	0.04	0.0854	0.0157	0.0551	0.0281	0.0597
  W	0.0355	0.0158	0.0096	0.0375	0.0366	0.045	0.0024	0.0287	0.0171	0.0405	0.0198	0.0104	0.0086	0.0176	0.0267	0.0237	0.0485	0.0045	0.0309	0.0071	0.0268	0.0171	0	0.046	0.0464	0.0507	0.0053	0.0543	0.0025	0.0446	0.0343	0.0213	0.0227	0.0247	0.052	0.0106	0.0341	0.0179	0.036
  X	0.0735	0.0318	0.0176	0.0779	0.0757	0.0926	0.0021	0.0589	0.0329	0.0841	0.0407	0.0186	0.0139	0.0362	0.0553	0.0482	0.0995	0.006	0.0639	0.012	0.0551	0.0329	0.0083	0	0.0956	0.1038	0.008	0.1108	0.0018	0.0925	0.0707	0.0427	0.0452	0.0523	0.1065	0.019	0.0703	0.0413	0.0745
  Y	0.0732	0.0317	0.0175	0.0776	0.0753	0.0922	0.0021	0.0586	0.0328	0.0837	0.0405	0.0185	0.0139	0.0518	0.055	0.048	0.099	0.006	0.0636	0.012	0.0549	0.0328	0.0083	0.0947	0	0.1033	0.008	0.1103	0.0018	0.0921	0.0704	0.0426	0.045	0.0521	0.106	0.0189	0.07	0.0353	0.0741
  Z	0.0736	0.032	0.0178	0.0779	0.0757	0.0923	0.0019	0.0592	0.0338	0.084	0.0412	0.0187	0.0199	0.0364	0.0555	0.0485	0.0999	0.006	0.0642	0.0122	0.0554	0.0331	0.0084	0.0948	0.0953	0	0.0081	0.1101	0.0019	0.0967	0.0707	0.043	0.0488	0.0526	0.1059	0.0191	0.0704	0.0357	0.0745
  [	0.0328	0.0147	0.009	0.037	0.0338	0.0413	0.0017	0.0265	0.0158	0.0374	0.0183	0.0098	0.008	0.0216	0.0248	0.0219	0.0446	0.0043	0.0285	0.0067	0.0249	0.016	0.005	0.0423	0.0427	0.0466	0	0.0498	0.0014	0.041	0.0315	0.0199	0.021	0.0228	0.0477	0.0125	0.0314	0.0167	0.0332
  \	0.0743	0.0325	0.018	0.0786	0.0764	0.0929	0.0019	0.0597	0.0336	0.0847	0.0415	0.019	0.0141	0.037	0.0561	0.0491	0.0997	0.0061	0.0647	0.0123	0.0838	0.0335	0.0085	0.0954	0.0959	0.1038	0.0082	0	0.0019	0.093	0.0714	0.0435	0.046	0.0533	0.1064	0.0194	0.0711	0.0361	0.0752
  ]	0.0168	0.0078	0.0129	0.0177	0.0173	0.021	0.0028	0.0138	0.0209	0.021	0.0097	0.0055	0.0097	0.0102	0.0128	0.0139	0.0228	0.0224	0.0147	0.0043	0.0136	0.0145	0.0053	0.0215	0.0217	0.0237	0.0031	0.0252	0	0.0209	0.0163	0.0115	0.0142	0.0126	0.0241	0.0056	0.0162	0.0089	0.017
  ^	0.0738	0.0318	0.0176	0.0782	0.0759	0.093	0.0019	0.0591	0.0349	0.0845	0.041	0.0186	0.0275	0.0362	0.0554	0.0483	0.1004	0.006	0.0641	0.0121	0.0553	0.0329	0.0084	0.0956	0.0961	0.1093	0.008	0.1115	0.0019	0	0.0709	0.0428	0.0469	0.0525	0.1071	0.019	0.0706	0.0355	0.0747
  _	0.0705	0.0301	0.0168	0.0748	0.0726	0.0894	0.0018	0.0562	0.0314	0.081	0.0386	0.0178	0.0198	0.0343	0.0526	0.0459	0.0963	0.0059	0.061	0.0116	0.0526	0.0314	0.0081	0.0919	0.0924	0.1006	0.0078	0.1077	0.0018	0.0892	0	0.0407	0.0431	0.0497	0.1033	0.0182	0.0673	0.0337	0.0714
  `	0.0649	0.0276	0.0156	0.0689	0.0669	0.0828	0.0018	0.0516	0.029	0.0746	0.0353	0.0166	0.0126	0.0313	0.0481	0.042	0.0895	0.0058	0.0561	0.0109	0.0482	0.0289	0.0077	0.0851	0.0856	0.0936	0.0075	0.1006	0.002	0.0825	0.0623	0	0.0396	0.0452	0.0962	0.017	0.062	0.0309	0.0658
  a	0.0638	0.027	0.0152	0.0674	0.0657	0.0807	0.0023	0.063	0.0289	0.0728	0.037	0.0162	0.0217	0.0308	0.0472	0.0411	0.0915	0.0057	0.0682	0.0107	0.0471	0.0284	0.0075	0.0829	0.0834	0.098	0.0073	0.0978	0.0022	0.0833	0.0608	0.0365	0	0.0441	0.0939	0.0167	0.0605	0.0304	0.0647
  b	0.0707	0.0298	0.018	0.0751	0.0728	0.0904	0.0018	0.0561	0.0311	0.0816	0.0382	0.0176	0.0132	0.0338	0.0523	0.0455	0.0977	0.0205	0.061	0.0114	0.0524	0.031	0.008	0.0929	0.0935	0.1023	0.0077	0.1099	0.0019	0.0902	0.0679	0.0404	0.0428	0	0.1052	0.0179	0.0675	0.0333	0.0716
  c	0.0741	0.0323	0.0179	0.0784	0.0762	0.0929	0.0019	0.0898	0.0334	0.0845	0.0413	0.0189	0.0141	0.0368	0.0559	0.0489	0.0996	0.0061	0.0645	0.0122	0.0558	0.0333	0.0084	0.0954	0.0959	0.1038	0.0081	0.1107	0.0019	0.0929	0.0712	0.0433	0.0459	0.0531	0	0.0193	0.0709	0.0359	0.075
  d	0.0503	0.0215	0.0125	0.053	0.0518	0.0944	0.0021	0.0397	0.0228	0.0569	0.0272	0.0135	0.0106	0.0281	0.0375	0.0325	0.0682	0.0051	0.0429	0.009	0.0371	0.0233	0.0065	0.0648	0.0652	0.0714	0.0081	0.0766	0.0016	0.0627	0.0477	0.0291	0.031	0.0344	0.0733	0	0.0474	0.0246	0.0509
  e	0.0703	0.0301	0.0168	0.0746	0.0724	0.0893	0.0018	0.0561	0.0313	0.0808	0.0385	0.0178	0.0134	0.0342	0.0525	0.0458	0.0962	0.0087	0.061	0.0116	0.0525	0.0313	0.0081	0.0917	0.0922	0.1005	0.0078	0.1076	0.0018	0.0891	0.0675	0.0406	0.043	0.0496	0.1032	0.0181	0	0.0336	0.0713
  f	0.0621	0.026	0.0147	0.0654	0.064	0.078	0.002	0.0486	0.0273	0.0703	0.0331	0.0157	0.012	0.03	0.0458	0.0396	0.0843	0.0056	0.0527	0.0103	0.0453	0.0277	0.0073	0.0934	0.0806	0.0883	0.0072	0.0949	0.0017	0.0777	0.0586	0.0352	0.0375	0.0424	0.0907	0.0163	0.0583	0	0.063
  g	0.0714	0.0304	0.0169	0.0757	0.0736	0.0901	0.0024	0.0567	0.0317	0.0816	0.039	0.0179	0.0135	0.0352	0.054	0.0463	0.097	0.0059	0.0616	0.0117	0.0531	0.0324	0.0081	0.0926	0.0931	0.1014	0.0078	0.1085	0.0018	0.0899	0.0683	0.0411	0.0439	0.0501	0.1041	0.0186	0.0679	0.0346	0

