Character to attribute mapping:
  A: 0.ANT
  B: 0.ANT4
  C: 0.PE
  D: 0.PRE
  E: 1.ANT
  F: 1.IN
  G: 1.ORI
  H: 1.PRE
  I: 2.ANT
  J: 2.MED
  K: 3.ANT
  L: 4.ANT
  M: ?


Substitution rate (mu): 9.18511

Equilibrium frequencies (pi_i):
  A: 0.0851
  B: 0.0805
  C: 0.082
  D: 0.0843
  E: 0.0816
  F: 0.0811
  G: 0.0905
  H: 0.0807
  I: 0.0825
  J: 0.0888
  K: 0.0814
  L: 0.0814

Symmetrized rates from j->i (W_ij):
	A	B	C	D	E	F	G	H	I	J	K	L
  A	0	1.5111	1.5015	1.0067	1.0073	1.0043	0.9968	1.2611	1.1062	1.0988	1.2283	1.2283
  B	1.5111	0	1.0092	1.0144	1.0147	1.0118	1.0054	1.0119	1.0107	1.0056	1.0142	1.0142
  C	1.5015	1.0092	0	1.5128	1.0086	1.0057	0.9986	1.0059	1.0046	0.999	1.0082	1.0082
  D	1.0067	1.0144	1.5128	0	1.0151	1.0121	1.0054	1.0121	1.0109	1.0056	1.0146	1.0146
  E	1.0073	1.0147	1.0086	1.0151	0	1.3506	1.0061	1.3502	1.0114	1.0063	1.0149	1.0149
  F	1.0043	1.0118	1.0057	1.0121	1.3506	0	1.5055	1.3457	1.0084	1.0032	1.012	1.012
  G	0.9968	1.0054	0.9986	1.0054	1.0061	1.5055	0	1.003	1.0015	0.9953	1.0055	1.0055
  H	1.2611	1.0119	1.0059	1.0121	1.3502	1.3457	1.003	0	1.2327	1.2247	1.1176	1.1176
  I	1.1062	1.0107	1.0046	1.0109	1.0114	1.0084	1.0015	1.2327	0	1.3984	1.0504	1.0504
  J	1.0988	1.0056	0.999	1.0056	1.0063	1.0032	0.9953	1.2247	1.3984	0	1.0446	1.0446
  K	1.2283	1.0142	1.0082	1.0146	1.0149	1.012	1.0055	1.1176	1.0504	1.0446	0	1.4177
  L	1.2283	1.0142	1.0082	1.0146	1.0149	1.012	1.0055	1.1176	1.0504	1.0446	1.4177	0

Actual rates from j->i (Q_ij):
	A	B	C	D	E	F	G	H	I	J	K	L
  A	0	0.1286	0.1277	0.0856	0.0857	0.0854	0.0848	0.1073	0.0941	0.0935	0.1045	0.1045
  B	0.1217	0	0.0813	0.0817	0.0817	0.0815	0.081	0.0815	0.0814	0.081	0.0817	0.0817
  C	0.1231	0.0827	0	0.124	0.0827	0.0824	0.0819	0.0825	0.0823	0.0819	0.0826	0.0826
  D	0.0848	0.0855	0.1275	0	0.0855	0.0853	0.0847	0.0853	0.0852	0.0847	0.0855	0.0855
  E	0.0822	0.0828	0.0823	0.0829	0	0.1103	0.0821	0.1102	0.0826	0.0822	0.0829	0.0829
  F	0.0815	0.0821	0.0816	0.0821	0.1096	0	0.1221	0.1092	0.0818	0.0814	0.0821	0.0821
  G	0.0902	0.091	0.0904	0.091	0.091	0.1362	0	0.0908	0.0906	0.0901	0.091	0.091
  H	0.1018	0.0817	0.0812	0.0817	0.109	0.1087	0.081	0	0.0995	0.0989	0.0902	0.0902
  I	0.0913	0.0834	0.0829	0.0834	0.0835	0.0832	0.0826	0.1017	0	0.1154	0.0867	0.0867
  J	0.0975	0.0893	0.0887	0.0893	0.0893	0.0891	0.0884	0.1087	0.1241	0	0.0927	0.0927
  K	0.1	0.0826	0.0821	0.0826	0.0826	0.0824	0.0819	0.091	0.0855	0.0851	0	0.1154
  L	0.1	0.0826	0.0821	0.0826	0.0826	0.0824	0.0819	0.091	0.0855	0.0851	0.1154	0

