58
D51                                     0.000000000 2.970973290 3.643676300 3.507071449 3.973871048 4.753855923 3.072331750 3.424686265 3.097049441 3.460313922 3.407030210 3.445316943 3.375700183 4.744149532 3.929994989 2.912379469 3.899179781 2.756918566 3.346496196 3.233715864 3.108658835 3.206129424 3.261174597 3.145678457 3.613063876 3.160611057 3.613597104 3.145645902 4.000962682 3.179993916 3.461783147 3.206609878 3.370923962 8.999999971 8.999999962 3.514284562 8.999999968 8.999999975 2.879594154 8.999999974 4.024721120 4.092291557 4.090705027 4.104304714 8.399334211 8.999999958 8.999999972 8.999999965 4.558922930 4.744202109 4.803729686 4.744773554 3.028543761 4.848257766 3.410051316 3.293971463 4.248697355 3.983805309 
D62                                     2.970973290 0.000000000 2.276709701 2.605980745 2.801915650 4.068047978 2.551092086 2.736444467 2.429706958 2.876413568 3.769550694 3.012730891 2.728879348 2.668205853 2.993272784 2.244754043 8.999999964 2.600952339 3.411889513 3.486409589 3.201505478 3.413325579 3.273860880 1.734815667 2.050095510 2.527214902 2.648131772 1.740534897 2.392749704 3.140165454 3.284056401 3.282329741 3.252651392 3.877671496 3.038289455 1.734007565 2.748975508 8.999999955 1.736839914 3.239263524 2.107781474 2.889652800 2.855145726 2.669065416 2.739074377 3.213871936 2.935221275 2.920868770 2.973121691 2.917768413 2.989347488 2.917884955 3.110652599 2.291356757 3.501059899 3.257382773 3.039408910 2.280548643 
D71                                     3.643676300 2.276709701 0.000000000 2.774850783 2.614152694 5.727039387 2.856418615 3.121062365 2.944733223 3.127518368 3.741523156 3.271380979 3.181230391 3.117820133 2.544552533 2.194908011 7.476306012 2.428527759 3.477100827 4.036380999 3.425735330 3.745728647 3.792685423 8.999999956 4.096334409 2.179281769 2.946253650 2.486288647 3.042233156 3.657781078 4.128539542 3.788979321 3.929125836 4.331437134 3.562759435 2.661884522 3.264923889 8.999999956 2.275291126 3.572308801 2.917678373 3.435718795 3.614000880 3.232187584 3.775102372 4.160448392 3.612708043 3.544659391 3.583188031 3.189570482 3.239737914 3.189817554 3.327018135 3.195674538 5.688173082 3.321938518 3.089783233 3.880651766 
D72                                     3.507071449 2.605980745 2.774850783 0.000000000 2.662523674 3.646501206 2.930249079 3.171072457 2.762285269 3.083024466 3.439736836 3.208453881 3.122298194 3.548734245 2.860518598 2.877839477 3.177958822 2.678649519 3.227507002 3.206924133 2.954393658 3.021690118 3.114163184 3.176667371 2.974003295 3.592332825 3.425463063 2.895230997 3.317702167 2.923299256 3.299737343 2.997476216 3.108007976 3.240522391 2.536179722 3.066298301 2.823819034 4.917837578 2.949945690 3.081619314 3.474611257 2.663321733 2.608508214 2.406333156 2.768072026 2.865880617 2.363437846 2.494900625 2.555856376 2.180509717 2.646874671 2.180742734 2.852978329 3.659898028 3.601653155 3.243734480 2.140588475 3.367599731 
D75                                     3.973871048 2.801915650 2.614152694 2.662523674 0.000000000 3.587111312 2.799003246 2.943220424 2.747686996 2.904627267 3.258131366 2.948002278 3.020979415 2.861305592 2.391206150 2.495854089 3.074541201 2.524227146 3.444247346 3.849324847 3.369091662 3.759739827 3.600184731 2.875257441 3.123391495 2.702185901 2.757385065 2.813557623 3.317384041 3.423844760 3.912191595 3.655892782 3.702069680 3.935349767 3.616246165 2.812439386 3.052814885 3.969934143 2.429246416 2.660810765 2.995189247 2.670327355 2.923309323 2.675694871 2.591446338 3.342589970 2.879314194 2.868885594 2.869544394 2.919839115 3.237683334 2.920354090 3.146373008 3.175603458 4.804421807 3.108070583 2.780647590 2.994056986 
GCA_000323385.1_ASM32338v1_genomic      4.753855923 4.068047978 5.727039387 3.646501206 3.587111312 0.000000000 8.999999964 8.999999956 8.999999973 8.999999964 8.999999956 8.999999965 8.999999968 3.294971607 3.208124843 2.996019257 8.999999970 2.869771833 4.362326758 4.742194602 4.055272636 4.669672590 4.540456142 8.999999972 8.999999972 4.518095863 8.999999971 4.385534867 8.999999957 4.686860798 4.701337455 4.715743701 4.882061302 5.116159526 6.475122388 8.999999968 4.095535226 8.999999968 8.999999972 6.385780886 4.315171240 6.554959527 5.228063436 4.469508919 8.999999976 5.380017626 4.871335123 4.669722687 5.361912779 4.411230617 5.029397321 4.663536805 3.626868180 4.538138990 8.999999968 4.024316249 4.209659296 8.999999965 
GCA_000323405.1_ASM32340v1_genomic      3.072331750 2.551092086 2.856418615 2.930249079 2.799003246 8.999999964 0.000000000 2.540690783 7.089462544 3.492102107 3.942121290 2.660169584 3.098246518 2.662321557 2.697782745 2.406861687 3.406323976 2.597542659 3.594294862 3.840736741 3.506992738 3.728017300 3.792399706 2.933175198 3.025529349 2.830199068 2.848466761 2.658450942 3.125802773 3.604707973 3.830146577 3.635994301 3.857307355 3.433124000 3.389705025 2.883449497 3.143053690 3.206317648 2.849196253 3.330238725 3.115155469 3.252983831 3.201017599 3.067276324 3.508528438 3.385432553 3.150167390 3.134992083 3.282701232 3.013766458 3.197613978 3.061151854 3.309185010 2.893241834 4.748936015 3.504629234 2.969743133 2.816178461 
GCA_000323705.1_ASM32370v1_genomic      3.424686265 2.736444467 3.121062365 3.171072457 2.943220424 8.999999956 2.540690783 0.000000000 3.252272825 4.278313940 4.661076773 8.999999960 4.709049999 2.996671635 2.855785639 2.668745429 4.894656746 2.609191084 3.579076195 3.701593864 3.451863712 3.713208741 3.720965855 3.208650673 3.310866218 3.082415249 3.200854248 2.815402701 3.545055277 3.646213337 3.813931614 3.619544271 3.770381035 3.535073862 3.525849922 3.153178483 3.249798813 3.704307440 3.572089948 3.447527606 3.111170887 3.552015446 3.380910099 3.140634186 3.572711260 3.492899685 3.314865122 3.290377050 3.469623961 3.083455533 3.229870640 3.139119477 3.276479420 3.111588090 4.595592947 3.065353302 3.032215789 3.208135142 
GCA_000324065.1_ASM32406v1_genomic      3.097049441 2.429706958 2.944733223 2.762285269 2.747686996 8.999999973 7.089462544 3.252272825 0.000000000 3.932953998 4.555842899 3.925555904 3.529216546 2.475640515 2.589257669 2.392834582 4.400331728 2.675057962 3.630165937 3.836883789 3.486375365 3.716968686 3.785542165 3.050827270 3.154412740 2.843126360 3.104189161 2.609855302 3.013857286 3.585155250 3.824976561 3.618767725 3.710137571 3.419151176 3.366616453 2.994573753 3.067686005 3.521711924 3.036263166 3.120929643 3.226820601 3.388339025 3.382938876 3.254048006 3.606463557 3.366676198 3.142376144 3.176817453 3.342670074 2.968138742 3.100935793 3.017044028 3.279782144 2.805235932 5.263451395 3.410140991 2.922938180 3.050324134 
GCA_000324165.1_ASM32416v1_genomic      3.460313922 2.876413568 3.127518368 3.083024466 2.904627267 8.999999964 3.492102107 4.278313940 3.932953998 0.000000000 8.999999958 4.718592612 3.638461718 2.925887230 2.907754208 2.750658826 4.147425678 2.633678367 3.650236399 3.845753569 3.510526891 3.732934288 3.797382013 3.217832081 3.320987296 3.011403870 3.321468406 2.817107172 3.617405809 3.730963120 3.907021506 3.699444593 3.862621375 3.515403645 3.498190687 3.161742506 3.166426343 3.899360278 3.236174077 3.569254127 3.188690258 3.524279659 3.568013783 3.261307238 4.039065233 3.599557037 3.485625692 3.382028839 3.521647301 3.172612159 3.333730704 3.235106722 3.311000523 3.263250082 4.745552116 3.364241504 3.115369381 3.348625071 
GCA_000734805.1_ASM73480v1_genomic      3.407030210 3.769550694 3.741523156 3.439736836 3.258131366 8.999999956 3.942121290 4.661076773 4.555842899 8.999999958 0.000000000 5.139679400 8.999999954 3.283686185 3.254994851 2.870427436 8.999999966 2.698799518 3.927967972 4.139456679 3.689632547 3.970583231 4.018755820 4.836432274 4.469590344 3.670210185 4.164940437 3.481860767 4.255405367 3.907766206 4.102873116 3.866589736 3.923419027 3.667404758 4.041564568 4.335695528 3.613459032 4.247506886 3.636805562 4.095872842 3.886540653 3.545222975 3.558736659 3.342295551 3.939254006 3.932957391 3.483618930 3.579776627 3.653932705 3.564102871 3.680886494 3.655320009 3.449521903 5.000213074 5.433544929 3.668760596 3.482057956 3.670845564 
GCA_001188675.1_ASM118867v1_genomic     3.445316943 3.012730891 3.271380979 3.208453881 2.948002278 8.999999965 2.660169584 8.999999960 3.925555904 4.718592612 5.139679400 0.000000000 8.999999958 3.145920511 2.965407436 2.635561373 4.631884242 2.613257388 3.597452201 3.777715684 3.436206465 3.685719445 3.681470961 3.385297837 3.475501019 3.140795483 3.356853228 2.965382086 3.514832655 3.556247218 3.717149919 3.537264700 3.663646790 3.502313858 3.564696207 3.336722121 3.388204344 3.664776224 3.532830069 3.490222189 3.380141708 3.365954791 3.338838581 3.255817724 3.709060926 3.462038748 3.229101458 3.211235346 3.359978494 3.149376131 3.228789752 3.203315499 3.305533211 3.261420659 4.671893708 3.266464721 3.099421035 3.220688676 
GCA_002412225.1_Y.pestis_A-1486_genomic 3.375700183 2.728879348 3.181230391 3.122298194 3.020979415 8.999999968 3.098246518 4.709049999 3.529216546 3.638461718 8.999999954 8.999999958 0.000000000 2.902668524 2.844749131 2.593802852 4.145629209 2.637514629 3.744620356 3.874320827 3.514832845 3.783792990 3.774897497 3.405101837 3.483362695 3.178761079 3.377845809 3.092030214 3.294727866 3.656810893 3.820906261 3.632914044 3.643420087 3.562177859 3.646507874 3.363306227 3.407133166 3.815483779 3.534089338 3.568075980 3.545611625 3.440967549 3.411220791 3.332156197 3.668536703 3.528251503 3.298627262 3.350554454 3.508560471 3.282588349 3.306533200 3.343263456 3.377253597 3.291567680 4.701177422 3.193852373 3.226565465 3.259633441 
P187                                    4.744149532 2.668205853 3.117820133 3.548734245 2.861305592 3.294971607 2.662321557 2.996671635 2.475640515 2.925887230 3.283686185 3.145920511 2.902668524 0.000000000 3.645146289 2.738284268 8.999999963 2.588865525 5.988793671 5.504845040 4.215633998 5.299129885 5.406964741 3.842319314 3.181552186 3.494832996 3.640670952 2.897656939 3.038463010 4.223951686 4.779068976 4.306494391 4.740736086 8.999999959 8.999999973 3.072833155 4.072955495 8.999999974 2.370639851 7.590331579 8.999999956 4.267698304 3.955061539 8.999999955 3.862814544 5.587346291 4.265648431 4.530870294 4.031083313 4.488002219 3.726296671 4.488466342 3.955748996 8.999999971 8.999999957 3.674701214 4.488088347 3.716474550 
P212                                    3.929994989 2.993272784 2.544552533 2.860518598 2.391206150 3.208124843 2.697782745 2.855785639 2.589257669 2.907754208 3.254994851 2.965407436 2.844749131 3.645146289 0.000000000 2.799843813 2.925265011 2.704301124 3.242590559 3.117511739 2.866778832 3.045903708 3.053188425 2.590322843 2.729899391 2.865111143 2.552284092 2.528462101 2.455144867 2.962155943 3.224730642 2.942643903 2.951551065 3.467122768 2.665196995 2.528399763 3.319711881 3.700459103 2.376575438 2.971224560 3.092856438 2.998492028 2.974703966 3.120130291 2.754223818 3.351528191 2.826140353 2.974814799 3.036753252 2.569842691 2.493158823 2.569989766 2.770003763 2.738429195 3.379558768 3.127245481 2.492659491 2.739072597 
P387                                    2.912379469 2.244754043 2.194908011 2.877839477 2.495854089 2.996019257 2.406861687 2.668745429 2.392834582 2.750658826 2.870427436 2.635561373 2.593802852 2.738284268 2.799843813 0.000000000 2.606652886 2.319028728 3.474556561 3.634898523 3.330462826 3.307380439 3.474215107 2.195382485 2.259037411 2.351827998 2.351624761 2.149823937 2.177943754 3.192119008 3.567507793 3.287661537 3.396169056 3.994799167 3.217442850 2.171185196 2.970825158 3.028352432 2.253196227 3.361336252 2.530501989 3.160729709 3.174232904 3.338797957 3.403094397 3.531599668 3.381333598 3.232545053 3.273648806 2.919180213 2.846122959 2.919254037 3.154437319 2.596417153 4.101778733 3.848363843 2.845439918 2.289094136 
R36                                     3.899179781 8.999999964 7.476306012 3.177958822 3.074541201 8.999999970 3.406323976 4.894656746 4.400331728 4.147425678 8.999999966 4.631884242 4.145629209 8.999999963 2.925265011 2.606652886 0.000000000 2.294861673 4.286527938 5.114994083 4.071932666 4.751187434 4.826806847 8.999999970 8.999999965 2.450873655 8.999999964 8.999999956 4.582119397 4.592316117 5.676528657 5.119553306 5.184906760 5.630405605 8.999999956 8.999999958 6.210383737 8.999999960 8.999999968 4.975714701 5.094625358 4.998030298 4.767324421 6.051223124 8.999999955 8.999999955 5.278838665 4.867009629 6.548533775 4.451508859 3.934464274 4.452089965 3.642353304 8.999999967 8.999999973 4.258540797 4.127041835 8.999999969 
Reference                               2.756918566 2.600952339 2.428527759 2.678649519 2.524227146 2.869771833 2.597542659 2.609191084 2.675057962 2.633678367 2.698799518 2.613257388 2.637514629 2.588865525 2.704301124 2.319028728 2.294861673 0.000000000 2.802793179 2.964473210 2.863613426 2.938138417 2.945984950 2.452526030 2.482667307 2.480831432 2.459415644 2.513274212 2.499878532 2.798135715 2.928161635 2.860078712 2.884595754 2.744486939 2.648271250 2.451036067 2.663207243 2.601328802 2.304895424 2.686226281 2.502402499 2.597744824 2.604275097 2.731633134 2.674782330 2.711834725 2.615355286 2.640994895 2.676456485 2.575572446 2.553915094 2.575620083 2.909722260 2.269710688 3.301334289 3.132354330 2.598471357 2.440376034 
SAMEA3713711                            3.346496196 3.411889513 3.477100827 3.227507002 3.444247346 4.362326758 3.594294862 3.579076195 3.630165937 3.650236399 3.927967972 3.597452201 3.744620356 5.988793671 3.242590559 3.474556561 4.286527938 2.802793179 0.000000000 6.329999683 2.603468659 0.000000023 3.132039590 3.756432972 3.715976470 3.535445792 3.475037295 3.515861288 3.779060772 2.996290623 8.999999977 3.944616571 4.713166270 4.416746924 5.546285341 3.623920878 3.587264434 6.103622753 3.692717805 4.400807035 4.691892764 3.879351283 3.859175638 3.602786125 4.489375536 4.506940552 4.023477587 3.859929202 4.312935789 4.970624475 3.898164865 4.971095894 2.661631062 4.251152431 6.213836313 4.086571772 4.639020280 4.113068591 
SAMEA3713712                            3.233715864 3.486409589 4.036380999 3.206924133 3.849324847 4.742194602 3.840736741 3.701593864 3.836883789 3.845753569 4.139456679 3.777715684 3.874320827 5.504845040 3.117511739 3.634898523 5.114994083 2.964473210 6.329999683 0.000000000 8.999999966 8.999999972 6.547208062 3.826602997 3.878862815 3.882731856 3.798349951 3.764228242 4.042030697 3.184095792 5.283051037 4.172861566 4.174470411 4.452925234 5.335658461 3.980103853 3.775690103 8.999999967 4.048421162 4.446238960 4.498559583 4.220846611 3.929544162 3.786306229 5.970762910 4.517891172 4.086111371 4.053684142 4.345215217 4.899984542 3.976857747 4.900427169 2.600933270 4.236844575 8.999999973 4.290554771 4.632007638 4.600113740 
SAMEA3713713                            3.108658835 3.201505478 3.425735330 2.954393658 3.369091662 4.055272636 3.506992738 3.451863712 3.486375365 3.510526891 3.689632547 3.436206465 3.514832845 4.215633998 2.866778832 3.330462826 4.071932666 2.863613426 2.603468659 8.999999966 0.000000000 5.764317443 3.480122116 3.417728097 3.470916201 3.433072388 3.354599618 3.319748782 3.618251765 3.174359834 5.248961484 3.722391513 4.141439553 3.910019637 4.197422235 3.403307862 3.357236361 4.805246033 3.458738992 3.845424866 3.893932633 3.676709076 3.513426454 3.458949114 4.416110210 3.905897213 3.696253167 3.513855504 3.797030624 3.971494811 3.491403434 3.971730559 2.545970613 3.775527781 6.274615169 3.384615037 3.849339580 3.805243963 
SAMEA3713714                            3.206129424 3.413325579 3.745728647 3.021690118 3.759739827 4.669672590 3.728017300 3.713208741 3.716968686 3.732934288 3.970583231 3.685719445 3.783792990 5.299129885 3.045903708 3.307380439 4.751187434 2.938138417 0.000000023 8.999999972 5.764317443 0.000000000 3.131559736 3.491491361 3.610454505 3.631480039 3.544868207 3.507806280 3.863819438 2.763486414 4.151702273 3.953948212 3.442564708 4.183196248 4.492758250 3.696871725 3.360794878 5.676582347 3.717157311 4.311172230 4.217240720 4.101254327 3.803137108 3.507174792 4.371316925 4.212496484 3.948335268 3.926016027 4.214325020 4.464064941 3.723060466 4.464372424 2.508231005 4.181903348 8.999999969 3.567518300 4.258252158 4.062895061 
SAMEA3713715                            3.261174597 3.273860880 3.792685423 3.114163184 3.600184731 4.540456142 3.792399706 3.720965855 3.785542165 3.797382013 4.018755820 3.681470961 3.774897497 5.406964741 3.053188425 3.474215107 4.826806847 2.945984950 3.132039590 6.547208062 3.480122116 3.131559736 0.000000000 3.686697653 3.741283640 3.688677512 3.668678383 3.633110231 3.914602059 2.763907643 4.116706923 3.168870027 3.421979900 4.387874853 5.258940668 3.741077378 3.605961301 7.619906815 3.767874504 4.371764365 4.426739464 3.876209101 3.857664842 3.706312270 4.939165447 4.446282838 4.008554020 3.858364820 4.273136497 4.810387922 3.893139567 4.810840098 2.431729298 4.408729616 6.252695544 3.184231469 4.541832905 4.379613599 
SAMEA3937653                            3.145678457 1.734815667 8.999999956 3.176667371 2.875257441 8.999999972 2.933175198 3.208650673 3.050827270 3.217832081 4.836432274 3.385297837 3.405101837 3.842319314 2.590322843 2.195382485 8.999999970 2.452526030 3.756432972 3.826602997 3.417728097 3.491491361 3.686697653 0.000000000 8.999999964 4.111594697 8.648198176 2.271307274 2.668596899 3.598157840 3.852931782 3.566931180 3.682543934 3.332252727 3.881719555 5.836545449 2.909841290 8.999999968 0.000000023 3.876653888 3.129812548 3.127015019 3.022496629 3.042463598 3.160384711 3.373223171 3.021898584 3.117019283 3.334498388 3.066500968 3.026104377 3.066682175 3.094498079 3.149745696 5.259583464 3.284924534 2.973500460 8.999999972 
SAMEA3937654                            3.613063876 2.050095510 4.096334409 2.974003295 3.123391495 8.999999972 3.025529349 3.310866218 3.154412740 3.320987296 4.469590344 3.475501019 3.483362695 3.181552186 2.729899391 2.259037411 8.999999965 2.482667307 3.715976470 3.878862815 3.470916201 3.610454505 3.741283640 8.999999964 0.000000000 3.382368685 3.439467106 2.413727211 3.570140319 3.432478145 3.802508948 3.538929726 3.645389105 3.513952071 3.984862313 6.911814247 3.415678402 8.999999974 6.881297508 3.975151847 3.050206066 3.360349756 3.223206367 3.216659425 3.620460874 3.596616661 3.103238309 3.193215284 3.561320156 3.171419791 3.122784950 3.171688801 3.147450883 3.495506893 5.308682481 3.159850030 3.074792630 8.999999964 
SAMEA5054089                            3.160611057 2.527214902 2.179281769 3.592332825 2.702185901 4.518095863 2.830199068 3.082415249 2.843126360 3.011403870 3.670210185 3.140795483 3.178761079 3.494832996 2.865111143 2.351827998 2.450873655 2.480831432 3.535445792 3.882731856 3.433072388 3.631480039 3.688677512 4.111594697 3.382368685 0.000000000 2.814585566 2.346784518 2.091030545 3.547130118 3.830363963 3.585524136 3.685178617 3.527408085 3.551551466 2.523378106 3.034877728 3.770205877 2.199646942 3.560240391 3.067294509 3.130030404 3.189503968 3.181187755 3.414066243 3.500707271 3.188880827 3.165503228 3.469666645 3.019841751 2.992371317 3.019996155 3.190550054 2.997930731 6.500248289 3.271937495 2.951556596 3.032602476 
SAMEA5054090                            3.613597104 2.648131772 2.946253650 3.425463063 2.757385065 8.999999971 2.848466761 3.200854248 3.104189161 3.321468406 4.164940437 3.356853228 3.377845809 3.640670952 2.552284092 2.351624761 8.999999964 2.459415644 3.475037295 3.798349951 3.354599618 3.544868207 3.668678383 8.648198176 3.439467106 2.814585566 0.000000000 2.370347263 3.380221265 3.370735889 3.716496930 3.391325156 3.569316624 3.645913579 3.337172188 2.905293391 2.869535188 8.999999975 2.127896158 3.761967351 4.100263345 3.170214205 3.355369985 3.170374222 3.938123738 3.766643284 3.261687388 3.314823973 3.449290406 3.076227221 2.965955326 3.076425038 3.407634807 2.924050322 7.556259965 2.870146590 2.992942625 3.704029975 
SAMEA5054092                            3.145645902 1.740534897 2.486288647 2.895230997 2.813557623 4.385534867 2.658450942 2.815402701 2.609855302 2.817107172 3.481860767 2.965382086 3.092030214 2.897656939 2.528462101 2.149823937 8.999999956 2.513274212 3.515861288 3.764228242 3.319748782 3.507806280 3.633110231 2.271307274 2.413727211 2.346784518 2.370347263 0.000000000 2.868187013 3.274137421 3.675957975 3.370380088 3.462244170 3.515170557 3.485780938 1.730096195 2.888204820 3.818262554 1.727895656 3.202935509 2.811594290 3.217016888 3.033858173 3.011795535 3.455330279 3.448873599 3.104162480 3.083243364 3.412996179 2.894946357 2.874607168 2.895167213 3.227908257 2.642997926 5.376069211 2.923085691 2.825583373 2.269879924 
SAMEA5054093                            4.000962682 2.392749704 3.042233156 3.317702167 3.317384041 8.999999957 3.125802773 3.545055277 3.013857286 3.617405809 4.255405367 3.514832655 3.294727866 3.038463010 2.455144867 2.177943754 4.582119397 2.499878532 3.779060772 4.042030697 3.618251765 3.863819438 3.914602059 2.668596899 3.570140319 2.091030545 3.380221265 2.868187013 0.000000000 3.724214787 3.931408017 3.867362066 3.790751580 4.893374959 3.795978873 2.655484770 3.350665031 2.947239509 2.870445919 4.345469289 3.871173147 4.077196917 3.825558507 4.355288656 4.820542530 4.477178227 3.921987308 3.641510116 4.711494795 3.368683325 3.144720846 3.256138739 3.712074668 2.955922827 5.669201909 2.990944207 3.368681234 3.411714977 
SAMEA5818798                            3.179993916 3.140165454 3.657781078 2.923299256 3.423844760 4.686860798 3.604707973 3.646213337 3.585155250 3.730963120 3.907766206 3.556247218 3.656810893 4.223951686 2.962155943 3.192119008 4.592316117 2.798135715 2.996290623 3.184095792 3.174359834 2.763486414 2.763907643 3.598157840 3.432478145 3.547130118 3.370735889 3.274137421 3.724214787 0.000000000 1.713486914 1.725406549 1.716015754 4.112057722 4.245917634 3.518238926 3.534619971 5.090667266 3.643045636 3.911846516 3.745351703 3.714574938 3.612413508 3.380303529 4.975104453 3.866959673 3.607630587 3.503289714 3.734948107 3.938540389 3.471760745 3.938793347 2.762533375 4.177940492 8.999999975 2.467839940 3.780766902 3.774637167 
SAMEA5818799                            3.461783147 3.284056401 4.128539542 3.299737343 3.912191595 4.701337455 3.830146577 3.813931614 3.824976561 3.907021506 4.102873116 3.717149919 3.820906261 4.779068976 3.224730642 3.567507793 5.676528657 2.928161635 8.999999977 5.283051037 5.248961484 4.151702273 4.116706923 3.852931782 3.802508948 3.830363963 3.716496930 3.675957975 3.931408017 1.713486914 0.000000000 8.999999964 0.000000023 4.627899954 6.680106818 3.913177205 3.955309421 8.999999959 4.002286500 4.650865881 4.496100295 4.370611631 4.113742134 3.837765479 6.972151916 4.744517687 4.365471630 4.115200419 4.500337834 5.567307649 4.225676365 5.568237624 3.010000252 4.774472177 8.999999972 4.157164581 5.024161166 4.281507202 
SAMEA5818800                            3.206609878 3.282329741 3.788979321 2.997476216 3.655892782 4.715743701 3.635994301 3.619544271 3.618767725 3.699444593 3.866589736 3.537264700 3.632914044 4.306494391 2.942643903 3.287661537 5.119553306 2.860078712 3.944616571 4.172861566 3.722391513 3.953948212 3.168870027 3.566931180 3.538929726 3.585524136 3.391325156 3.370380088 3.867362066 1.725406549 8.999999964 0.000000000 1.678512199 4.156212089 4.886411909 3.630733240 3.564008786 6.040250082 3.559369866 4.103241196 4.023183976 4.030572372 3.732604716 3.489227266 5.522994340 4.185802179 3.886239670 3.733593176 4.017799836 4.443534427 3.747058044 4.443978816 2.857877918 4.225472808 8.999999976 2.916840969 4.197468119 3.913878728 
SAMEA5818801                            3.370923962 3.252651392 3.929125836 3.108007976 3.702069680 4.882061302 3.857307355 3.770381035 3.710137571 3.862621375 3.923419027 3.663646790 3.643420087 4.740736086 2.951551065 3.396169056 5.184906760 2.884595754 4.713166270 4.174470411 4.141439553 3.442564708 3.421979900 3.682543934 3.645389105 3.685178617 3.569316624 3.462244170 3.790751580 1.716015754 0.000000023 1.678512199 0.000000000 4.530976707 5.491607618 3.745924534 3.605844572 7.292199082 3.707779871 4.539256223 4.048226477 4.085952094 3.888075807 3.627573924 5.097573269 4.416974419 3.938794499 3.889249204 4.217076267 4.527941076 3.939888392 4.528077230 3.037602774 4.453474110 8.999999970 2.918331076 4.271251044 4.066836444 
SAMEA5818803                            8.999999971 3.877671496 4.331437134 3.240522391 3.935349767 5.116159526 3.433124000 3.535073862 3.419151176 3.515403645 3.667404758 3.502313858 3.562177859 8.999999959 3.467122768 3.994799167 5.630405605 2.744486939 4.416746924 4.452925234 3.910019637 4.183196248 4.387874853 3.332252727 3.513952071 3.527408085 3.645913579 3.515170557 4.893374959 4.112057722 4.627899954 4.156212089 4.530976707 0.000000000 5.594146217 3.614766097 5.476588734 8.999999976 3.299194906 6.014931403 4.337725129 3.306331204 2.989008703 2.519244147 3.466927857 4.091838646 3.305473463 3.304770802 3.464584541 4.066429632 3.824484476 3.763645531 3.567473618 5.479972337 6.632472396 3.396180642 3.542952622 4.061878799 
SAMEA5818805                            8.999999962 3.038289455 3.562759435 2.536179722 3.616246165 6.475122388 3.389705025 3.525849922 3.366616453 3.498190687 4.041564568 3.564696207 3.646507874 8.999999973 2.665196995 3.217442850 8.999999956 2.648271250 5.546285341 5.335658461 4.197422235 4.492758250 5.258940668 3.881719555 3.984862313 3.551551466 3.337172188 3.485780938 3.795978873 4.245917634 6.680106818 4.886411909 5.491607618 5.594146217 0.000000000 3.657116080 4.441927369 8.999999964 3.376136515 8.999999970 3.829897136 4.859351154 3.792985716 4.749568168 8.999999967 8.999999976 3.959297392 3.707293928 5.223716625 8.999999970 3.768663124 8.999999965 3.458991080 8.999999958 8.999999972 3.915947096 6.717295300 4.239136994 
SAMEA5818806                            3.514284562 1.734007565 2.661884522 3.066298301 2.812439386 8.999999968 2.883449497 3.153178483 2.994573753 3.161742506 4.335695528 3.336722121 3.363306227 3.072833155 2.528399763 2.171185196 8.999999958 2.451036067 3.623920878 3.980103853 3.403307862 3.696871725 3.741077378 5.836545449 6.911814247 2.523378106 2.905293391 1.730096195 2.655484770 3.518238926 3.913177205 3.630733240 3.745924534 3.614766097 3.657116080 0.000000000 3.044339525 8.999999968 1.681429015 3.662969938 3.049124107 3.316805325 3.183320474 3.086051888 3.618960047 3.559934028 3.182633960 3.155409618 3.523321898 2.973176928 2.944250716 2.973403556 3.276183192 2.834035334 5.759365707 3.056194528 2.893518036 5.721046774 
SAMEA5818808                            8.999999968 2.748975508 3.264923889 2.823819034 3.052814885 4.095535226 3.143053690 3.249798813 3.067686005 3.166426343 3.613459032 3.388204344 3.407133166 4.072955495 3.319711881 2.970825158 6.210383737 2.663207243 3.587264434 3.775690103 3.357236361 3.360794878 3.605961301 2.909841290 3.415678402 3.034877728 2.869535188 2.888204820 3.350665031 3.534619971 3.955309421 3.564008786 3.605844572 5.476588734 4.441927369 3.044339525 0.000000000 4.079922977 2.602958921 3.748653624 3.187293778 3.242442519 3.552069317 2.819809700 2.291411946 4.031015543 3.242071510 4.031482408 3.799449455 3.356240554 3.068761839 3.356385434 3.774360237 4.867473149 5.584798098 3.147207566 3.143742373 3.070706329 
SAMEA5818809                            8.999999975 8.999999955 8.999999956 4.917837578 3.969934143 8.999999968 3.206317648 3.704307440 3.521711924 3.899360278 4.247506886 3.664776224 3.815483779 8.999999974 3.700459103 3.028352432 8.999999960 2.601328802 6.103622753 8.999999967 4.805246033 5.676582347 7.619906815 8.999999968 8.999999974 3.770205877 8.999999975 3.818262554 2.947239509 5.090667266 8.999999959 6.040250082 7.292199082 8.999999976 8.999999964 8.999999968 4.079922977 0.000000000 8.999999954 8.999999970 8.999999969 8.999999967 6.312440390 6.072946461 8.999999964 8.999999959 6.292993546 5.411562356 8.999999976 8.999999965 5.927478954 8.999999967 4.134408283 8.999999969 8.999999965 4.932030750 8.999999966 8.999999965 
SAMEA5818811                            2.879594154 1.736839914 2.275291126 2.949945690 2.429246416 8.999999972 2.849196253 3.572089948 3.036263166 3.236174077 3.636805562 3.532830069 3.534089338 2.370639851 2.376575438 2.253196227 8.999999968 2.304895424 3.692717805 4.048421162 3.458738992 3.717157311 3.767874504 0.000000023 6.881297508 2.199646942 2.127896158 1.727895656 2.870445919 3.643045636 4.002286500 3.559369866 3.707779871 3.299194906 3.376136515 1.681429015 2.602958921 8.999999954 0.000000000 3.560119272 3.130741908 3.127060148 3.022578815 3.126957023 3.346756344 3.117152021 3.022032492 3.117255029 3.334723489 3.009524588 2.774874719 3.009764863 3.227837053 3.788034920 4.851140945 2.851094357 2.918714138 8.999999957 
SAMEA5818815                            8.999999974 3.239263524 3.572308801 3.081619314 2.660810765 6.385780886 3.330238725 3.447527606 3.120929643 3.569254127 4.095872842 3.490222189 3.568075980 7.590331579 2.971224560 3.361336252 4.975714701 2.686226281 4.400807035 4.446238960 3.845424866 4.311172230 4.371764365 3.876653888 3.975151847 3.560240391 3.761967351 3.202935509 4.345469289 3.911846516 4.650865881 4.103241196 4.539256223 6.014931403 8.999999970 3.662969938 3.748653624 8.999999970 3.560119272 0.000000000 4.389144909 4.529102941 4.688888713 3.189092267 3.622871954 5.764823043 3.997677345 3.811385525 4.751817748 3.416267950 3.079472430 3.805785092 3.398076848 8.999999968 8.999999973 3.602550188 3.165745763 3.611690568 
SAMEA5818817                            4.024721120 2.107781474 2.917678373 3.474611257 2.995189247 4.315171240 3.115155469 3.111170887 3.226820601 3.188690258 3.886540653 3.380141708 3.545611625 8.999999956 3.092856438 2.530501989 5.094625358 2.502402499 4.691892764 4.498559583 3.893932633 4.217240720 4.426739464 3.129812548 3.050206066 3.067294509 4.100263345 2.811594290 3.871173147 3.745351703 4.496100295 4.023183976 4.048226477 4.337725129 3.829897136 3.049124107 3.187293778 8.999999969 3.130741908 4.389144909 0.000000000 3.597881029 3.974163353 3.541293926 4.271616547 5.068696601 3.971631374 3.588400607 3.875827312 3.545339162 3.245594800 3.265976804 3.543146348 7.355136993 8.999999972 3.575405343 3.337711090 3.552146598 
SAMEA5818818                            4.092291557 2.889652800 3.435718795 2.663321733 2.670327355 6.554959527 3.252983831 3.552015446 3.388339025 3.524279659 3.545222975 3.365954791 3.440967549 4.267698304 2.998492028 3.160729709 4.998030298 2.597744824 3.879351283 4.220846611 3.676709076 4.101254327 3.876209101 3.127015019 3.360349756 3.130030404 3.170214205 3.217016888 4.077196917 3.714574938 4.370611631 4.030572372 4.085952094 3.306331204 4.859351154 3.316805325 3.242442519 8.999999967 3.127060148 4.529102941 3.597881029 0.000000000 1.678404212 6.681811260 6.718074825 0.000000023 0.000000023 0.000000023 1.680433596 3.069347644 2.858576061 3.069598624 3.337365587 4.958645291 5.245825923 3.286336913 2.895212045 3.625617442 
SAMEA5818821                            4.090705027 2.855145726 3.614000880 2.608508214 2.923309323 5.228063436 3.201017599 3.380910099 3.382938876 3.568013783 3.558736659 3.338838581 3.411220791 3.955061539 2.974703966 3.174232904 4.767324421 2.604275097 3.859175638 3.929544162 3.513426454 3.803137108 3.857664842 3.022496629 3.223206367 3.189503968 3.355369985 3.033858173 3.825558507 3.612413508 4.113742134 3.732604716 3.888075807 2.989008703 3.792985716 3.183320474 3.552069317 6.312440390 3.022578815 4.688888713 3.974163353 1.678404212 0.000000000 1.732678603 2.613379923 1.671817428 1.674938556 1.673548922 1.713111978 2.874383646 2.748381305 2.874747372 3.223790724 4.593600534 4.802664761 3.049804565 2.760796762 3.422581284 
SAMEA5818822                            4.104304714 2.669065416 3.232187584 2.406333156 2.675694871 4.469508919 3.067276324 3.140634186 3.254048006 3.261307238 3.342295551 3.255817724 3.332156197 8.999999955 3.120130291 3.338797957 6.051223124 2.731633134 3.602786125 3.786306229 3.458949114 3.507174792 3.706312270 3.042463598 3.216659425 3.181187755 3.170374222 3.011795535 4.355288656 3.380303529 3.837765479 3.489227266 3.627573924 2.519244147 4.749568168 3.086051888 2.819809700 6.072946461 3.126957023 3.189092267 3.541293926 6.681811260 1.732678603 0.000000000 2.129968431 1.732773842 1.681996161 1.716046928 1.716653927 2.785674350 2.580604717 3.184362530 3.227413098 4.917544109 4.826759195 3.151424582 2.662754947 3.317766146 
SAMEA5818825                            8.399334211 2.739074377 3.775102372 2.768072026 2.591446338 8.999999976 3.508528438 3.572711260 3.606463557 4.039065233 3.939254006 3.709060926 3.668536703 3.862814544 2.754223818 3.403094397 8.999999955 2.674782330 4.489375536 5.970762910 4.416110210 4.371316925 4.939165447 3.160384711 3.620460874 3.414066243 3.938123738 3.455330279 4.820542530 4.975104453 6.972151916 5.522994340 5.097573269 3.466927857 8.999999967 3.618960047 2.291411946 8.999999964 3.346756344 3.622871954 4.271616547 6.718074825 2.613379923 2.129968431 0.000000000 6.613071233 6.657091427 6.647033902 8.999999971 4.446237579 3.175204746 4.447540740 3.591088315 8.999999956 8.999999970 3.476644341 3.692134563 4.176146375 
SAMEA5818826                            8.999999958 3.213871936 4.160448392 2.865880617 3.342589970 5.380017626 3.385432553 3.492899685 3.366676198 3.599557037 3.932957391 3.462038748 3.528251503 5.587346291 3.351528191 3.531599668 8.999999955 2.711834725 4.506940552 4.517891172 3.905897213 4.212496484 4.446282838 3.373223171 3.596616661 3.500707271 3.766643284 3.448873599 4.477178227 3.866959673 4.744517687 4.185802179 4.416974419 4.091838646 8.999999976 3.559934028 4.031015543 8.999999959 3.117152021 5.764823043 5.068696601 0.000000023 1.671817428 1.732773842 6.613071233 0.000000000 0.000000023 0.000000023 1.674507218 3.684087591 3.276543758 3.684742798 3.428351767 6.296053140 7.965800135 3.163804912 3.398670040 3.890036617 
SAMEA5818828                            8.999999972 2.935221275 3.612708043 2.363437846 2.879314194 4.871335123 3.150167390 3.314865122 3.142376144 3.485625692 3.483618930 3.229101458 3.298627262 4.265648431 2.826140353 3.381333598 5.278838665 2.615355286 4.023477587 4.086111371 3.696253167 3.948335268 4.008554020 3.021898584 3.103238309 3.188880827 3.261687388 3.104162480 3.921987308 3.607630587 4.365471630 3.886239670 3.938794499 3.305473463 3.959297392 3.182633960 3.242071510 6.292993546 3.022032492 3.997677345 3.971631374 0.000000023 1.674938556 1.681996161 6.657091427 0.000000023 0.000000000 0.000000023 1.676772613 2.947817956 2.662267770 2.948161086 3.252947607 4.589558549 5.744790483 3.241743930 2.783553331 3.421602303 
SAMEA5818829                            8.999999965 2.920868770 3.544659391 2.494900625 2.868885594 4.669722687 3.134992083 3.290377050 3.176817453 3.382028839 3.579776627 3.211235346 3.350554454 4.530870294 2.974814799 3.232545053 4.867009629 2.640994895 3.859929202 4.053684142 3.513855504 3.926016027 3.858364820 3.117019283 3.193215284 3.165503228 3.314823973 3.083243364 3.641510116 3.503289714 4.115200419 3.733593176 3.889249204 3.304770802 3.707293928 3.155409618 4.031482408 5.411562356 3.117255029 3.811385525 3.588400607 0.000000023 1.673548922 1.716046928 6.647033902 0.000000023 0.000000023 0.000000000 1.675209307 2.779560447 2.670576468 2.779831817 3.198881775 4.351288012 5.114734564 3.050441421 2.671581208 3.373267088 
SAMEA5818830                            4.558922930 2.973121691 3.583188031 2.555856376 2.869544394 5.361912779 3.282701232 3.469623961 3.342670074 3.521647301 3.653932705 3.359978494 3.508560471 4.031083313 3.036753252 3.273648806 6.548533775 2.676456485 4.312935789 4.345215217 3.797030624 4.214325020 4.273136497 3.334498388 3.561320156 3.469666645 3.449290406 3.412996179 4.711494795 3.734948107 4.500337834 4.017799836 4.217076267 3.464584541 5.223716625 3.523321898 3.799449455 8.999999976 3.334723489 4.751817748 3.875827312 1.680433596 1.713111978 1.716653927 8.999999971 1.674507218 1.676772613 1.675209307 0.000000000 3.312937846 3.045070863 3.313155880 3.500146384 5.293507932 7.977366369 3.386343758 3.113158057 3.853455689 
SAMEA6637002                            4.744202109 2.917768413 3.189570482 2.180509717 2.919839115 4.411230617 3.013766458 3.083455533 2.968138742 3.172612159 3.564102871 3.149376131 3.282588349 4.488002219 2.569842691 2.919180213 4.451508859 2.575572446 4.970624475 4.899984542 3.971494811 4.464064941 4.810387922 3.066500968 3.171419791 3.019841751 3.076227221 2.894946357 3.368683325 3.938540389 5.567307649 4.443534427 4.527941076 4.066429632 8.999999970 2.973176928 3.356240554 8.999999965 3.009524588 3.416267950 3.545339162 3.069347644 2.874383646 2.785674350 4.446237579 3.684087591 2.947817956 2.779560447 3.312937846 0.000000000 2.043823378 0.000000023 3.393936125 4.688734794 8.999999975 3.327286991 1.667697410 3.232215407 
SAMEA6637004                            4.803729686 2.989347488 3.239737914 2.646874671 3.237683334 5.029397321 3.197613978 3.229870640 3.100935793 3.333730704 3.680886494 3.228789752 3.306533200 3.726296671 2.493158823 2.846122959 3.934464274 2.553915094 3.898164865 3.976857747 3.491403434 3.723060466 3.893139567 3.026104377 3.122784950 2.992371317 2.965955326 2.874607168 3.144720846 3.471760745 4.225676365 3.747058044 3.939888392 3.824484476 3.768663124 2.944250716 3.068761839 5.927478954 2.774874719 3.079472430 3.245594800 2.858576061 2.748381305 2.580604717 3.175204746 3.276543758 2.662267770 2.670576468 3.045070863 2.043823378 0.000000000 2.044538925 3.263368802 3.710699875 6.207174115 3.035172900 1.991541928 3.171923793 
SAMEA6651390                            4.744773554 2.917884955 3.189817554 2.180742734 2.920354090 4.663536805 3.061151854 3.139119477 3.017044028 3.235106722 3.655320009 3.203315499 3.343263456 4.488466342 2.569989766 2.919254037 4.452089965 2.575620083 4.971095894 4.900427169 3.971730559 4.464372424 4.810840098 3.066682175 3.171688801 3.019996155 3.076425038 2.895167213 3.256138739 3.938793347 5.568237624 4.443978816 4.528077230 3.763645531 8.999999965 2.973403556 3.356385434 8.999999967 3.009764863 3.805785092 3.265976804 3.069598624 2.874747372 3.184362530 4.447540740 3.684742798 2.948161086 2.779831817 3.313155880 0.000000023 2.044538925 0.000000000 3.575516203 4.689477244 8.999999973 3.327504761 1.671154922 3.232505380 
SAMEA7293135                            3.028543761 3.110652599 3.327018135 2.852978329 3.146373008 3.626868180 3.309185010 3.276479420 3.279782144 3.311000523 3.449521903 3.305533211 3.377253597 3.955748996 2.770003763 3.154437319 3.642353304 2.909722260 2.661631062 2.600933270 2.545970613 2.508231005 2.431729298 3.094498079 3.147450883 3.190550054 3.407634807 3.227908257 3.712074668 2.762533375 3.010000252 2.857877918 3.037602774 3.567473618 3.458991080 3.276183192 3.774360237 4.134408283 3.227837053 3.398076848 3.543146348 3.337365587 3.223790724 3.227413098 3.591088315 3.428351767 3.252947607 3.198881775 3.500146384 3.393936125 3.263368802 3.575516203 0.000000000 3.764705074 3.226213945 3.040889170 3.358686732 3.379351018 
SAMEA7293136                            4.848257766 2.291356757 3.195674538 3.659898028 3.175603458 4.538138990 2.893241834 3.111588090 2.805235932 3.263250082 5.000213074 3.261420659 3.291567680 8.999999971 2.738429195 2.596417153 8.999999967 2.269710688 4.251152431 4.236844575 3.775527781 4.181903348 4.408729616 3.149745696 3.495506893 2.997930731 2.924050322 2.642997926 2.955922827 4.177940492 4.774472177 4.225472808 4.453474110 5.479972337 8.999999958 2.834035334 4.867473149 8.999999969 3.788034920 8.999999968 7.355136993 4.958645291 4.593600534 4.917544109 8.999999956 6.296053140 4.589558549 4.351288012 5.293507932 4.688734794 3.710699875 4.689477244 3.764705074 0.000000000 8.999999973 3.866140019 4.235698333 3.987940752 
