27
GCA_000169635.1_ASM16963v1_genomic   0.000000000 1.185334612 1.044452203 1.876662287 2.764494570 1.823178876 2.150839692 2.554376811 2.316307901 1.519467463 1.925671283 2.147694697 1.505522335 2.115053918 1.297372029 1.959602935 2.871743180 2.797067256 2.545213391 2.833390016 2.430071444 2.199705173 2.316146329 2.151865046 2.178976163 2.282655161 1.326869201
GCA_000170275.1_ASM17027v1_genomic   1.185334612 0.000000000 1.225161737 1.971281570 2.764427608 1.914625582 2.222160003 2.612048124 2.430965612 1.691296882 1.993653518 2.231101235 1.659165971 2.199916988 1.453071177 2.022152622 2.888836041 2.844047994 2.622826573 2.876228552 2.513995605 2.288516576 2.361972775 2.211823044 2.259232860 2.346958637 1.531000139
GCA_000269145.1_ASM26914v1_genomic   1.044452203 1.225161737 0.000000000 1.889278535 2.771600170 1.837182602 2.158809203 2.555460709 2.358740077 1.547901937 1.937421352 2.161649900 1.531291986 2.130162897 1.317143546 1.982349293 2.886283734 2.808651505 2.551920551 2.823578757 2.447977408 2.209306600 2.325226731 2.154821729 2.166305152 2.295235665 1.364429991
GCA_000320465.1_ASM32046v1_genomic   1.876662287 1.971281570 1.889278535 0.000000000 2.823825790 1.145931952 2.085069182 2.589138063 2.419340457 1.389190147 1.141991869 2.004700860 1.685717015 1.886089961 1.559723085 1.916398336 2.962071736 2.929673258 2.950238864 3.003073690 2.672681964 1.507461706 2.331498884 1.832985627 2.061778018 2.293016441 1.993815822
GCA_000323485.1_ASM32348v1_genomic   2.764494570 2.764427608 2.771600170 2.823825790 0.000000000 2.843360966 2.887754619 2.939932430 2.898951041 2.783026930 2.839306388 2.909690732 2.810489277 2.907316763 2.763607339 2.653385706 3.150753677 3.064912498 3.078444615 3.177558085 3.042733125 2.925742073 2.830477246 2.870355308 2.933997857 2.926429439 2.800721081
GCA_000323505.1_ASM32350v1_genomic   1.823178876 1.914625582 1.837182602 1.145931952 2.843360966 0.000000000 1.978544026 2.664450618 2.326672535 1.326650258 1.324216017 1.905939624 1.614365469 1.212359658 1.497535182 1.865025243 2.983439509 2.958074660 2.768450088 3.030392148 2.376177741 1.941154576 2.280008744 2.000616330 1.950020308 2.206717747 1.936632777
GCA_000323565.1_ASM32356v1_genomic   2.150839692 2.222160003 2.158809203 2.085069182 2.887754619 1.978544026 0.000000000 2.785657906 1.608157513 1.986839994 2.140435127 2.320085917 2.124390061 2.356221493 2.043786754 2.127573684 2.981649457 2.993876926 3.751840155 3.066825367 2.868822205 2.479312550 2.046343664 2.334570068 2.520737340 1.221456325 2.238606541
GCA_000323625.1_ASM32362v1_genomic   2.554376811 2.612048124 2.555460709 2.589138063 2.939932430 2.664450618 2.785657906 0.000000000 2.762017030 2.569657283 2.606799409 2.801883933 2.640425901 2.793013013 2.567376743 2.439758066 3.035950134 2.987553477 3.131830569 3.379704559 3.053863264 2.805286733 2.728938386 2.665169456 2.846233206 2.834605707 2.622148539
GCA_000323945.1_ASM32394v1_genomic   2.316307901 2.430965612 2.358740077 2.419340457 2.898951041 2.326672535 1.608157513 2.762017030 0.000000000 2.178073146 2.459552703 2.835822276 2.407755162 2.700558122 2.305559897 2.260136455 2.982598505 3.133802968 4.232902053 3.011405089 2.882983195 2.830550962 2.244503769 2.449080906 2.884257048 2.013891523 2.401783659
GCA_000323965.1_ASM32396v1_genomic   1.519467463 1.691296882 1.547901937 1.389190147 2.783026930 1.326650258 1.986839994 2.569657283 2.178073146 0.000000000 1.496083395 1.931165126 0.710493462 1.836639799 0.587272654 1.828340079 2.929672966 2.849326986 2.504795838 2.900336822 2.348733895 1.957823391 2.246782209 2.000073207 1.961962021 2.167912000 1.735215129
GCA_000324065.1_ASM32406v1_genomic   1.925671283 1.993653518 1.937421352 1.141991869 2.839306388 1.324216017 2.140435127 2.606799409 2.459552703 1.496083395 0.000000000 2.032969912 1.769847613 1.977496506 1.648131549 1.951348478 2.973046546 2.893879475 2.930126936 3.089455299 2.681461962 1.999515283 2.289409242 2.066630333 2.129597454 2.243372155 2.038076533
GCA_000324565.1_ASM32456v1_genomic   2.147694697 2.231101235 2.161649900 2.004700860 2.909690732 1.905939624 2.320085917 2.801883933 2.835822276 1.931165126 2.032969912 0.000000000 2.116904103 2.381520703 2.001131446 2.096786299 3.035176788 3.061421366 4.274558964 3.139140306 2.878337542 2.555666125 2.499504652 2.323626787 1.709215881 2.596721022 2.242567026
GCA_000324725.1_ASM32472v1_genomic   1.505522335 1.659165971 1.531291986 1.685717015 2.810489277 1.614365469 2.124390061 2.640425901 2.407755162 0.710493462 1.769847613 2.116904103 0.000000000 2.057417958 0.732827989 1.939833348 2.954815967 2.887094290 2.687167235 2.969697877 2.531922003 2.152518705 2.315557252 2.131216088 2.160255826 2.303119548 1.698750428
GCA_000325305.1_ASM32530v1_genomic   2.115053918 2.199916988 2.130162897 1.886089961 2.907316763 1.212359658 2.356221493 2.793013013 2.700558122 1.836639799 1.977496506 2.381520703 2.057417958 0.000000000 1.902061043 2.071864054 3.046529245 3.027006981 3.203666201 3.182716547 2.861268321 2.489622060 2.457602066 2.298202118 2.461104679 2.540242599 2.219505312
GCA_000325365.1_ASM32536v1_genomic   1.297372029 1.453071177 1.317143546 1.559723085 2.763607339 1.497535182 2.043786754 2.567376743 2.305559897 0.587272654 1.648131549 2.001131446 0.732827989 1.902061043 0.000000000 1.880453762 2.906279273 2.840085988 2.536023654 2.897534228 2.374910103 2.043148184 2.270023872 2.047130237 2.035529776 2.203710730 1.496573686
GCA_000835005.1_ASM83500v1_genomic   1.959602935 2.022152622 1.982349293 1.916398336 2.653385706 1.865025243 2.127573684 2.439758066 2.260136455 1.828340079 1.951348478 2.096786299 1.939833348 2.071864054 1.880453762 0.000000000 2.721904261 2.597129186 2.383634870 2.632564083 2.220204861 2.121865613 2.237389252 2.085104943 2.102153150 2.217994711 2.031608250
GCA_001188795.1_ASM118879v1_genomic  2.871743180 2.888836041 2.886283734 2.962071736 3.150753677 2.983439509 2.981649457 3.035950134 2.982598505 2.929672966 2.973046546 3.035176788 2.954815967 3.046529245 2.906279273 2.721904261 0.000000000 3.217695732 3.202220758 3.273940186 3.186612964 3.075302062 2.949152695 3.010977150 3.061109874 3.038197918 2.902485242
GCA_001294975.1_ASM129497v1_genomic  2.797067256 2.844047994 2.808651505 2.929673258 3.064912498 2.958074660 2.993876926 2.987553477 3.133802968 2.849326986 2.893879475 3.061421366 2.887094290 3.027006981 2.840085988 2.597129186 3.217695732 0.000000000 3.358540811 3.686014744 3.287719684 3.112028731 2.908497272 3.007344327 3.108095708 3.053282119 2.845637373
GCA_002005285.1_ASM200528v1_genomic  2.545213391 2.622826573 2.551920551 2.950238864 3.078444615 2.768450088 3.751840155 3.131830569 4.232902053 2.504795838 2.930126936 4.274558964 2.687167235 3.203666201 2.536023654 2.383634870 3.202220758 3.358540811 0.000000000 3.476212211 3.792020246 3.505203349 2.868733182 2.793663270 3.204493531 3.527875781 2.640612043
GCA_002981895.1_ASM298189v1_genomic  2.833390016 2.876228552 2.823578757 3.003073690 3.177558085 3.030392148 3.066825367 3.379704559 3.011405089 2.900336822 3.089455299 3.139140306 2.969697877 3.182716547 2.897534228 2.632564083 3.273940186 3.686014744 3.476212211 0.000000000 3.427870392 3.209225018 2.935220190 3.095017322 3.194227703 3.120656134 2.886242754
GCA_003074235.1_ASM307423v1_genomic  2.430071444 2.513995605 2.447977408 2.672681964 3.042733125 2.376177741 2.868822205 3.053863264 2.882983195 2.348733895 2.681461962 2.878337542 2.531922003 2.861268321 2.374910103 2.220204861 3.186612964 3.287719684 3.792020246 3.427870392 0.000000000 3.346087105 2.723103451 2.672409229 3.004893486 2.945558063 2.533158816
GCA_003074535.1_ASM307453v1_genomic  2.199705173 2.288516576 2.209306600 1.507461706 2.925742073 1.941154576 2.479312550 2.805286733 2.830550962 1.957823391 1.999515283 2.555666125 2.152518705 2.489622060 2.043148184 2.121865613 3.075302062 3.112028731 3.505203349 3.209225018 3.346087105 0.000000000 2.552335206 2.220663348 2.661431784 2.677556645 2.308889267
GCA_008630435.1_ASM863043v1_genomic  2.316146329 2.361972775 2.325226731 2.331498884 2.830477246 2.280008744 2.046343664 2.728938386 2.244503769 2.246782209 2.289409242 2.499504652 2.315557252 2.457602066 2.270023872 2.237389252 2.949152695 2.908497272 2.868733182 2.935220190 2.723103451 2.552335206 0.000000000 2.420940789 2.535629025 2.188693607 2.372464115
GCA_009670865.1_ASM967086v1_genomic  2.151865046 2.211823044 2.154821729 1.832985627 2.870355308 2.000616330 2.334570068 2.665169456 2.449080906 2.000073207 2.066630333 2.323626787 2.131216088 2.298202118 2.047130237 2.085104943 3.010977150 3.007344327 2.793663270 3.095017322 2.672409229 2.220663348 2.420940789 0.000000000 2.366128563 2.438359161 2.225677451
GCA_015158755.1_ASM1515875v1_genomic 2.178976163 2.259232860 2.166305152 2.061778018 2.933997857 1.950020308 2.520737340 2.846233206 2.884257048 1.961962021 2.129597454 1.709215881 2.160255826 2.461104679 2.035529776 2.102153150 3.061109874 3.108095708 3.204493531 3.194227703 3.004893486 2.661431784 2.535629025 2.366128563 0.000000000 2.703983871 2.277686171
GCA_016102905.1_ASM1610290v1_genomic 2.282655161 2.346958637 2.295235665 2.293016441 2.926429439 2.206717747 1.221456325 2.834605707 2.013891523 2.167912000 2.243372155 2.596721022 2.303119548 2.540242599 2.203710730 2.217994711 3.038197918 3.053282119 3.527875781 3.120656134 2.945558063 2.677556645 2.188693607 2.438359161 2.703983871 0.000000000 2.361680840
Reference                            1.326869201 1.531000139 1.364429991 1.993815822 2.800721081 1.936632777 2.238606541 2.622148539 2.401783659 1.735215129 2.038076533 2.242567026 1.698750428 2.219505312 1.496573686 2.031608250 2.902485242 2.845637373 2.640612043 2.886242754 2.533158816 2.308889267 2.372464115 2.225677451 2.277686171 2.361680840 0.000000000
