29
GCA_000169635.1_ASM16963v1_genomic   0.000000000 0.002505089 0.002465033 0.005779929 0.005620790 0.008232537 0.015515017 0.027683385 0.009424507 0.003302117 0.006171605 0.007619230 0.003356510 0.006734368 0.003016548 8.999999975 0.009985994 0.030581251 0.018889982 0.008927445 0.017514165 0.007887861 0.006996426 0.012902869 0.009466229 0.007565811 0.009482276 9.000000000 0.002671150 
GCA_000170275.1_ASM17027v1_genomic   0.002505089 0.000000000 0.002638279 0.005959917 0.005800761 0.008422067 0.015786197 0.027836116 0.009636637 0.003476815 0.006298397 0.007746294 0.003531232 0.006917745 0.003190359 8.999999954 0.010246842 0.030686755 0.019042643 0.009115996 0.017724834 0.008074000 0.007179770 0.013101709 0.009655250 0.007750391 0.009671642 9.000000000 0.002843627 
GCA_000269145.1_ASM26914v1_genomic   0.002465033 0.002638279 0.000000000 0.005941743 0.005724109 0.008419783 0.015581731 0.027928384 0.009449211 0.003442694 0.006341356 0.007739654 0.003497477 0.006847713 0.003097736 8.999999955 0.010134335 0.030522144 0.018989573 0.009118303 0.017600837 0.008011195 0.007169436 0.013070850 0.009485984 0.007685378 0.009619080 9.000000000 0.002805654 
GCA_000320465.1_ASM32046v1_genomic   0.005779929 0.005959917 0.005941743 0.000000000 0.002505571 0.004960127 0.011066424 0.022958236 0.006433729 0.003354098 0.002510228 0.004472514 0.003865771 0.003644133 0.003752620 8.999999959 0.008401524 0.025586963 0.014316946 0.005974015 0.012966874 0.004721630 0.002730265 0.009699816 0.005149590 0.004418351 0.006299111 8.999999969 0.006126375 
GCA_000323505.1_ASM32350v1_genomic   0.005620790 0.005800761 0.005724109 0.002505571 0.000000000 0.004912574 0.011935719 0.024032589 0.006196580 0.003191623 0.002918879 0.004311845 0.003703771 0.002462440 0.003590485 8.999999960 0.008237688 0.026632514 0.015313080 0.005814501 0.013954828 0.004560496 0.003694830 0.009544427 0.006130057 0.004257529 0.006140451 8.999999959 0.005967546 
GCA_000323565.1_ASM32356v1_genomic   0.008232537 0.008422067 0.008419783 0.004960127 0.004912574 0.000000000 0.014750091 0.027231328 0.002935276 0.005734915 0.005394424 0.004504132 0.006264871 0.005980870 0.006206675 8.999999972 0.010876410 0.029752872 0.018059574 0.005919364 0.016787795 0.007210087 0.006247414 0.007146471 0.008815175 0.004391323 0.002604821 9.000000000 0.008591959 
GCA_000323625.1_ASM32362v1_genomic   0.015515017 0.015786197 0.015581731 0.011066424 0.011935719 0.014750091 0.000000000 0.022588124 0.015685049 0.012988078 0.012117141 0.014165072 0.013548241 0.013261467 0.013425985 8.999999953 0.018764179 0.025322658 0.013841379 0.015826280 0.013950563 0.014358849 0.012359346 0.019750763 0.011078851 0.014112184 0.016086030 8.999999972 0.015957738 
GCA_000323845.1_ASM32384v1_genomic   0.027683385 0.027836116 0.027928384 0.022958236 0.024032589 0.027231328 0.022588124 0.000000000 0.028254855 0.024775334 0.023937496 0.026249839 0.025642540 0.025355777 0.025439961 8.999999975 0.031593522 0.031554809 0.026206693 0.027926620 0.026090690 0.026710842 0.024289464 0.032246626 0.022985020 0.026200866 0.028363714 8.999999967 0.028159214 
GCA_000323945.1_ASM32394v1_genomic   0.009424507 0.009636637 0.009449211 0.006433729 0.006196580 0.002935276 0.015685049 0.028254855 0.000000000 0.006650704 0.006886929 0.005625310 0.007292513 0.007429463 0.007292099 8.999999970 0.012311805 0.030357408 0.019191037 0.007106619 0.018072513 0.008054867 0.007652464 0.008250653 0.010122786 0.005565572 0.004181090 9.000000000 0.009559329 
GCA_000323965.1_ASM32396v1_genomic   0.003302117 0.003476815 0.003442694 0.003354098 0.003191623 0.005734915 0.012988078 0.024775334 0.006650704 0.000000000 0.003676982 0.005115627 0.001396954 0.004341379 0.001284829 8.999999964 0.007524190 0.027608775 0.016310870 0.006572397 0.014944987 0.005426815 0.004552746 0.010444275 0.007001767 0.005118290 0.007013661 8.999999971 0.003643719 
GCA_000324065.1_ASM32406v1_genomic   0.006171605 0.006298397 0.006341356 0.002510228 0.002918879 0.005394424 0.012117141 0.023937496 0.006886929 0.003676982 0.000000000 0.004826177 0.004261736 0.004034197 0.004145303 8.999999959 0.008829986 0.026665622 0.015196196 0.006431682 0.014192275 0.005142923 0.003728971 0.010023819 0.006166916 0.004829051 0.006644544 8.999999971 0.006528352 
GCA_000324565.1_ASM32456v1_genomic   0.007619230 0.007746294 0.007739654 0.004472514 0.004311845 0.004504132 0.014165072 0.026249839 0.005625310 0.005115627 0.004826177 0.000000000 0.005691129 0.005412383 0.005576767 8.999999969 0.010357138 0.029042406 0.017478037 0.003815435 0.016109858 0.006500241 0.005677374 0.009068800 0.008131879 0.002283003 0.005735330 8.999999975 0.007970605 
GCA_000324725.1_ASM32472v1_genomic   0.003356510 0.003531232 0.003497477 0.003865771 0.003703771 0.006264871 0.013548241 0.025642540 0.007292513 0.001396954 0.004261736 0.005691129 0.000000000 0.004859640 0.001452266 8.999999967 0.008076268 0.028296240 0.016751309 0.006982836 0.015443414 0.005948851 0.005012610 0.010925949 0.007526738 0.005637025 0.007539536 8.999999958 0.003698038 
GCA_000325305.1_ASM32530v1_genomic   0.006734368 0.006917745 0.006847713 0.003644133 0.002462440 0.005980870 0.013261467 0.025355777 0.007429463 0.004341379 0.004034197 0.005412383 0.004859640 0.000000000 0.004687851 8.999999968 0.009431569 0.028202246 0.016651965 0.006934274 0.015221081 0.005726159 0.004790587 0.010644437 0.007305374 0.005358138 0.007260145 8.999999969 0.007085271 
GCA_000325365.1_ASM32536v1_genomic   0.003016548 0.003190359 0.003097736 0.003752620 0.003590485 0.006206675 0.013425985 0.025439961 0.007292099 0.001284829 0.004145303 0.005576767 0.001452266 0.004687851 0.000000000 8.999999966 0.007834125 0.028094362 0.016690642 0.006867210 0.015261524 0.005833787 0.004955736 0.010808136 0.007411296 0.005522634 0.007423897 8.999999976 0.003357049 
GCA_000834295.1_ASM83429v1_genomic   8.999999975 8.999999954 8.999999955 8.999999959 8.999999960 8.999999972 8.999999953 8.999999975 8.999999970 8.999999964 8.999999959 8.999999969 8.999999967 8.999999968 8.999999966 0.000000000 8.999999957 8.999999974 8.999999968 8.999999975 8.999999968 8.999999971 8.999999962 8.999999961 8.999999957 8.999999969 8.999999956 4.121786849 8.999999956 
GCA_000835005.1_ASM83500v1_genomic   0.009985994 0.010246842 0.010134335 0.008401524 0.008237688 0.010876410 0.018764179 0.031593522 0.012311805 0.007524190 0.008829986 0.010357138 0.008076268 0.009431569 0.007834125 8.999999957 0.000000000 0.033878178 0.022033617 0.012006815 0.020578702 0.010401944 0.009760314 0.015867847 0.012193837 0.010240384 0.012032361 9.000000000 0.010482583 
GCA_001188795.1_ASM118879v1_genomic  0.030581251 0.030686755 0.030522144 0.025586963 0.026632514 0.029752872 0.025322658 0.031554809 0.030357408 0.027608775 0.026665622 0.029042406 0.028296240 0.028202246 0.028094362 8.999999974 0.033878178 0.000000000 0.028875167 0.030916846 0.028691249 0.029329890 0.026898735 0.035172189 0.025552937 0.028993652 0.031154712 9.000000000 0.031006599 
GCA_001294975.1_ASM129497v1_genomic  0.018889982 0.019042643 0.018989573 0.014316946 0.015313080 0.018059574 0.013841379 0.026206693 0.019191037 0.016310870 0.015196196 0.017478037 0.016751309 0.016651965 0.016690642 8.999999968 0.022033617 0.028875167 0.000000000 0.019152189 0.017217575 0.017748342 0.015616645 0.023146236 0.014332950 0.017427006 0.019463544 8.999999956 0.019272667 
GCA_002005285.1_ASM200528v1_genomic  0.008927445 0.009115996 0.009118303 0.005974015 0.005814501 0.005919364 0.015826280 0.027926620 0.007106619 0.006572397 0.006431682 0.003815435 0.006982836 0.006934274 0.006867210 8.999999975 0.012006815 0.030916846 0.019152189 0.000000000 0.017769554 0.008034917 0.007196888 0.010578363 0.009678491 0.002851550 0.007255763 9.000000000 0.009283549 
GCA_002981895.1_ASM298189v1_genomic  0.017514165 0.017724834 0.017600837 0.012966874 0.013954828 0.016787795 0.013950563 0.026090690 0.018072513 0.014944987 0.014192275 0.016109858 0.015443414 0.015221081 0.015261524 8.999999968 0.020578702 0.028691249 0.017217575 0.017769554 0.000000000 0.016434083 0.014256672 0.021674896 0.012981316 0.016058344 0.018083179 8.999999967 0.017893900 
GCA_003074235.1_ASM307423v1_genomic  0.007887861 0.008074000 0.008011195 0.004721630 0.004560496 0.007210087 0.014358849 0.026710842 0.008054867 0.005426815 0.005142923 0.006500241 0.005948851 0.005726159 0.005833787 8.999999971 0.010401944 0.029329890 0.017748342 0.008034917 0.016434083 0.000000000 0.005934402 0.011829057 0.008345615 0.006446293 0.008417782 9.000000000 0.008241579 
GCA_003074535.1_ASM307453v1_genomic  0.006996426 0.007179770 0.007169436 0.002730265 0.003694830 0.006247414 0.012359346 0.024289464 0.007652464 0.004552746 0.003728971 0.005677374 0.005012610 0.004790587 0.004955736 8.999999962 0.009760314 0.026898735 0.015616645 0.007196888 0.014256672 0.005934402 0.000000000 0.010958633 0.006359614 0.005623394 0.007521256 8.999999967 0.007346708 
GCA_008630435.1_ASM863043v1_genomic  0.012902869 0.013101709 0.013070850 0.009699816 0.009544427 0.007146471 0.019750763 0.032246626 0.008250653 0.010444275 0.010023819 0.009068800 0.010925949 0.010644437 0.010808136 8.999999961 0.015867847 0.035172189 0.023146236 0.010578363 0.021674896 0.011829057 0.010958633 0.000000000 0.013489312 0.009073595 0.008354073 9.000000000 0.013270059 
GCA_009670865.1_ASM967086v1_genomic  0.009466229 0.009655250 0.009485984 0.005149590 0.006130057 0.008815175 0.011078851 0.022985020 0.010122786 0.007001767 0.006166916 0.008131879 0.007526738 0.007305374 0.007411296 8.999999957 0.012193837 0.025552937 0.014332950 0.009678491 0.012981316 0.008345615 0.006359614 0.013489312 0.000000000 0.008078631 0.009999302 8.999999963 0.009822102 
GCA_015158755.1_ASM1515875v1_genomic 0.007565811 0.007750391 0.007685378 0.004418351 0.004257529 0.004391323 0.014112184 0.026200866 0.005565572 0.005118290 0.004829051 0.002283003 0.005637025 0.005358138 0.005522634 8.999999969 0.010240384 0.028993652 0.017427006 0.002851550 0.016058344 0.006446293 0.005623394 0.009073595 0.008078631 0.000000000 0.005681357 8.999999971 0.007917243 
GCA_016102905.1_ASM1610290v1_genomic 0.009482276 0.009671642 0.009619080 0.006299111 0.006140451 0.002604821 0.016086030 0.028363714 0.004181090 0.007013661 0.006644544 0.005735330 0.007539536 0.007260145 0.007423897 8.999999956 0.012032361 0.031154712 0.019463544 0.007255763 0.018083179 0.008417782 0.007521256 0.008354073 0.009999302 0.005681357 0.000000000 9.000000000 0.009838765 
GCA_900637475.1_51108_B01_genomic    9.000000000 9.000000000 9.000000000 8.999999969 8.999999959 9.000000000 8.999999972 8.999999967 9.000000000 8.999999971 8.999999971 8.999999975 8.999999958 8.999999969 8.999999976 4.121786849 9.000000000 9.000000000 8.999999956 9.000000000 8.999999967 9.000000000 8.999999967 9.000000000 8.999999963 8.999999971 9.000000000 0.000000000 9.000000000 
Reference                            0.002671150 0.002843627 0.002805654 0.006126375 0.005967546 0.008591959 0.015957738 0.028159214 0.009559329 0.003643719 0.006528352 0.007970605 0.003698038 0.007085271 0.003357049 8.999999956 0.010482583 0.031006599 0.019272667 0.009283549 0.017893900 0.008241579 0.007346708 0.013270059 0.009822102 0.007917243 0.009838765 9.000000000 0.000000000 
