snp-dists 0.7.0	GCA_000169635.1_ASM16963v1_genomic	GCA_000170275.1_ASM17027v1_genomic	GCA_000269145.1_ASM26914v1_genomic	GCA_000320465.1_ASM32046v1_genomic	GCA_000323485.1_ASM32348v1_genomic	GCA_000323505.1_ASM32350v1_genomic	GCA_000323565.1_ASM32356v1_genomic	GCA_000323625.1_ASM32362v1_genomic	GCA_000323845.1_ASM32384v1_genomic	GCA_000323945.1_ASM32394v1_genomic	GCA_000323965.1_ASM32396v1_genomic	GCA_000324065.1_ASM32406v1_genomic	GCA_000324565.1_ASM32456v1_genomic	GCA_000324725.1_ASM32472v1_genomic	GCA_000325305.1_ASM32530v1_genomic	GCA_000325365.1_ASM32536v1_genomic	GCA_000835005.1_ASM83500v1_genomic	GCA_001188795.1_ASM118879v1_genomic	GCA_001294975.1_ASM129497v1_genomic	GCA_002005285.1_ASM200528v1_genomic	GCA_002981895.1_ASM298189v1_genomic	GCA_003074235.1_ASM307423v1_genomic	GCA_003074535.1_ASM307453v1_genomic	GCA_008630435.1_ASM863043v1_genomic	GCA_009670865.1_ASM967086v1_genomic	GCA_015158755.1_ASM1515875v1_genomic	GCA_016102905.1_ASM1610290v1_genomic	Reference
GCA_000169635.1_ASM16963v1_genomic	0	64	62	124	564	133	169	312	543	183	65	114	171	80	146	73	197	652	428	279	406	186	159	279	231	173	217	66
GCA_000170275.1_ASM17027v1_genomic	64	0	54	120	556	127	164	305	536	178	65	117	164	76	146	67	201	640	417	262	400	180	153	273	223	167	209	58
GCA_000269145.1_ASM26914v1_genomic	62	54	0	119	551	122	164	302	534	173	65	118	163	75	144	64	196	630	411	269	382	171	147	267	213	160	202	57
GCA_000320465.1_ASM32046v1_genomic	124	120	119	0	453	58	95	218	439	113	65	49	94	78	79	76	158	506	300	143	276	98	56	192	114	90	129	122
GCA_000323485.1_ASM32348v1_genomic	564	556	551	453	0	487	504	423	11	504	470	435	524	496	492	501	569	607	525	609	524	517	480	609	476	512	563	560
GCA_000323505.1_ASM32350v1_genomic	133	127	122	58	487	0	100	239	470	115	69	61	99	83	62	81	155	551	327	180	308	97	79	198	143	93	132	129
GCA_000323565.1_ASM32356v1_genomic	169	164	164	95	504	100	0	274	493	50	105	98	89	123	118	118	197	554	360	131	337	140	121	137	178	86	54	167
GCA_000323625.1_ASM32362v1_genomic	312	305	302	218	423	239	274	0	418	272	244	222	280	263	260	265	330	479	272	338	273	280	244	374	228	273	314	310
GCA_000323845.1_ASM32384v1_genomic	543	536	534	439	11	470	493	418	0	483	462	428	504	476	479	485	550	590	502	579	499	498	460	587	456	490	537	541
GCA_000323945.1_ASM32394v1_genomic	183	178	173	113	504	115	50	272	483	0	116	113	103	130	134	129	205	552	361	204	352	146	138	145	197	100	79	177
GCA_000323965.1_ASM32396v1_genomic	65	65	65	65	470	69	105	244	462	116	0	68	104	27	93	26	135	534	324	147	302	105	85	196	142	97	134	68
GCA_000324065.1_ASM32406v1_genomic	114	117	118	49	435	61	98	222	428	113	68	0	94	80	83	78	153	486	295	120	281	97	68	189	122	91	122	121
GCA_000324565.1_ASM32456v1_genomic	171	164	163	94	524	99	89	280	504	103	104	94	0	119	120	118	198	590	367	138	350	137	117	183	180	51	121	167
GCA_000324725.1_ASM32472v1_genomic	80	76	75	78	496	83	123	263	476	130	27	80	119	0	104	32	151	554	351	186	332	122	101	220	165	116	158	78
GCA_000325305.1_ASM32530v1_genomic	146	146	144	79	492	62	118	260	479	134	93	83	120	104	0	102	183	553	340	168	320	118	101	213	163	111	152	148
GCA_000325365.1_ASM32536v1_genomic	73	67	64	76	501	81	118	265	485	129	26	78	118	32	102	0	147	560	349	181	328	117	98	209	161	110	152	69
GCA_000835005.1_ASM83500v1_genomic	197	201	196	158	569	155	197	330	550	205	135	153	198	151	183	147	0	614	424	279	404	210	190	305	244	198	238	202
GCA_001188795.1_ASM118879v1_genomic	652	640	630	506	607	551	554	479	590	552	534	486	590	554	553	560	614	0	592	717	590	590	547	685	555	586	645	646
GCA_001294975.1_ASM129497v1_genomic	428	417	411	300	525	327	360	272	502	361	324	295	367	351	340	349	424	592	0	490	365	389	345	483	330	377	421	420
GCA_002005285.1_ASM200528v1_genomic	279	262	269	143	609	180	131	338	579	204	147	120	138	186	168	181	279	717	490	0	473	230	204	277	298	116	233	271
GCA_002981895.1_ASM298189v1_genomic	406	400	382	276	524	308	337	273	499	352	302	281	350	332	320	328	404	590	365	473	0	367	324	469	308	353	407	400
GCA_003074235.1_ASM307423v1_genomic	186	180	171	98	517	97	140	280	498	146	105	97	137	122	118	117	210	590	389	230	367	0	128	252	192	139	185	180
GCA_003074535.1_ASM307453v1_genomic	159	153	147	56	480	79	121	244	460	138	85	68	117	101	101	98	190	547	345	204	324	128	0	230	147	115	159	153
GCA_008630435.1_ASM863043v1_genomic	279	273	267	192	609	198	137	374	587	145	196	189	183	220	213	209	305	685	483	277	469	252	230	0	292	191	176	273
GCA_009670865.1_ASM967086v1_genomic	231	223	213	114	476	143	178	228	456	197	142	122	180	165	163	161	244	555	330	298	308	192	147	292	0	180	225	223
GCA_015158755.1_ASM1515875v1_genomic	173	167	160	90	512	93	86	273	490	100	97	91	51	116	111	110	198	586	377	116	353	139	115	191	180	0	120	167
GCA_016102905.1_ASM1610290v1_genomic	217	209	202	129	563	132	54	314	537	79	134	122	121	158	152	152	238	645	421	233	407	185	159	176	225	120	0	209
Reference	66	58	57	122	560	129	167	310	541	177	68	121	167	78	148	69	202	646	420	271	400	180	153	273	223	167	209	0
