snp-dists 0.7.0	GCA_000169635.1_ASM16963v1_genomic	GCA_000170275.1_ASM17027v1_genomic	GCA_000269145.1_ASM26914v1_genomic	GCA_000320465.1_ASM32046v1_genomic	GCA_000323485.1_ASM32348v1_genomic	GCA_000323505.1_ASM32350v1_genomic	GCA_000323565.1_ASM32356v1_genomic	GCA_000323625.1_ASM32362v1_genomic	GCA_000323845.1_ASM32384v1_genomic	GCA_000323945.1_ASM32394v1_genomic	GCA_000323965.1_ASM32396v1_genomic	GCA_000324065.1_ASM32406v1_genomic	GCA_000324565.1_ASM32456v1_genomic	GCA_000324725.1_ASM32472v1_genomic	GCA_000325305.1_ASM32530v1_genomic	GCA_000325365.1_ASM32536v1_genomic	GCA_000834295.1_ASM83429v1_genomic	GCA_000835005.1_ASM83500v1_genomic	GCA_001188795.1_ASM118879v1_genomic	GCA_001294975.1_ASM129497v1_genomic	GCA_002005285.1_ASM200528v1_genomic	GCA_002981895.1_ASM298189v1_genomic	GCA_003074235.1_ASM307423v1_genomic	GCA_003074535.1_ASM307453v1_genomic	GCA_008630435.1_ASM863043v1_genomic	GCA_009670865.1_ASM967086v1_genomic	GCA_015158755.1_ASM1515875v1_genomic	GCA_016102905.1_ASM1610290v1_genomic	GCA_900637475.1_51108_B01_genomic	Reference
GCA_000169635.1_ASM16963v1_genomic	0	64	62	123	556	132	168	311	535	183	64	113	169	79	145	71	16834	196	647	425	276	404	184	158	278	229	172	216	16809	64
GCA_000170275.1_ASM17027v1_genomic	64	0	54	119	548	126	163	304	528	178	64	115	162	75	145	65	16828	200	635	414	259	398	178	152	272	221	166	208	16780	56
GCA_000269145.1_ASM26914v1_genomic	62	54	0	118	543	121	163	301	526	173	64	116	161	74	143	62	16627	195	625	408	266	380	169	146	266	211	159	201	16591	55
GCA_000320465.1_ASM32046v1_genomic	123	119	118	0	446	58	95	218	432	113	65	48	93	78	79	75	15735	158	502	298	143	276	97	56	192	113	90	129	15722	121
GCA_000323485.1_ASM32348v1_genomic	556	548	543	446	0	480	497	416	11	497	464	428	516	489	486	493	15632	562	598	516	600	517	509	473	602	468	505	556	15661	552
GCA_000323505.1_ASM32350v1_genomic	132	126	121	58	480	0	100	239	463	115	69	60	98	83	62	80	16105	155	547	325	180	308	96	79	198	142	93	132	16091	128
GCA_000323565.1_ASM32356v1_genomic	168	163	163	95	497	100	0	274	486	50	105	97	88	123	118	117	15150	197	551	359	131	337	139	121	137	177	86	54	15258	166
GCA_000323625.1_ASM32362v1_genomic	311	304	301	218	416	239	274	0	411	272	244	221	279	263	260	264	14867	330	475	270	338	273	279	244	374	227	273	314	14870	309
GCA_000323845.1_ASM32384v1_genomic	535	528	526	432	11	463	486	411	0	476	456	421	496	469	473	477	15197	543	581	493	572	492	490	453	580	448	483	530	15202	533
GCA_000323945.1_ASM32394v1_genomic	183	178	173	113	497	115	50	272	476	0	116	112	102	130	134	128	14560	205	550	360	202	351	145	138	145	196	100	79	14551	176
GCA_000323965.1_ASM32396v1_genomic	64	64	64	65	464	69	105	244	456	116	0	67	103	27	93	25	15080	135	530	323	147	302	105	85	196	141	97	134	15003	67
GCA_000324065.1_ASM32406v1_genomic	113	115	116	48	428	60	97	221	421	112	67	0	92	79	82	76	14295	152	481	293	119	280	97	67	188	121	90	122	14228	119
GCA_000324565.1_ASM32456v1_genomic	169	162	161	93	516	98	88	279	496	102	103	92	0	118	119	116	15846	197	586	365	137	349	135	116	182	178	50	120	15924	165
GCA_000324725.1_ASM32472v1_genomic	79	75	74	78	489	83	123	263	469	130	27	79	118	0	104	31	16131	151	550	349	184	331	121	101	220	164	116	158	16057	77
GCA_000325305.1_ASM32530v1_genomic	145	145	143	79	486	62	118	260	473	134	93	82	119	104	0	101	15207	183	549	339	168	320	118	101	213	162	111	152	15116	147
GCA_000325365.1_ASM32536v1_genomic	71	65	62	75	493	80	117	264	477	128	25	76	116	31	101	0	15505	146	556	346	180	327	115	97	208	159	109	151	15464	67
GCA_000834295.1_ASM83429v1_genomic	16834	16828	16627	15735	15632	16105	15150	14867	15197	14560	15080	14295	15846	16131	15207	15505	0	15541	16227	16757	16881	16755	16556	16605	16446	16691	16469	16625	7479	16878
GCA_000835005.1_ASM83500v1_genomic	196	200	195	158	562	155	197	330	543	205	135	152	197	151	183	146	15541	0	611	422	277	403	209	190	305	243	198	238	15605	201
GCA_001188795.1_ASM118879v1_genomic	647	635	625	502	598	547	551	475	581	550	530	481	586	550	549	556	16227	611	0	587	711	585	585	543	682	550	583	642	16198	641
GCA_001294975.1_ASM129497v1_genomic	425	414	408	298	516	325	359	270	493	360	323	293	365	349	339	346	16757	422	587	0	487	362	386	343	482	327	376	420	16715	417
GCA_002005285.1_ASM200528v1_genomic	276	259	266	143	600	180	131	338	572	202	147	119	137	184	168	180	16881	277	711	487	0	470	227	202	275	295	114	231	16823	268
GCA_002981895.1_ASM298189v1_genomic	404	398	380	276	517	308	337	273	492	351	302	280	349	331	320	327	16755	403	585	362	470	0	365	323	468	306	352	406	16722	398
GCA_003074235.1_ASM307423v1_genomic	184	178	169	97	509	96	139	279	490	145	105	97	135	121	118	115	16556	209	585	386	227	365	0	127	251	190	138	184	16525	178
GCA_003074535.1_ASM307453v1_genomic	158	152	146	56	473	79	121	244	453	138	85	67	116	101	101	97	16605	190	543	343	202	323	127	0	230	146	115	159	16583	152
GCA_008630435.1_ASM863043v1_genomic	278	272	266	192	602	198	137	374	580	145	196	188	182	220	213	208	16446	305	682	482	275	468	251	230	0	291	191	176	16512	272
GCA_009670865.1_ASM967086v1_genomic	229	221	211	113	468	142	177	227	448	196	141	121	178	164	162	159	16691	243	550	327	295	306	190	146	291	0	179	224	16665	221
GCA_015158755.1_ASM1515875v1_genomic	172	166	159	90	505	93	86	273	483	100	97	90	50	116	111	109	16469	198	583	376	114	352	138	115	191	179	0	120	16530	166
GCA_016102905.1_ASM1610290v1_genomic	216	208	201	129	556	132	54	314	530	79	134	122	120	158	152	151	16625	238	642	420	231	406	184	159	176	224	120	0	16693	208
GCA_900637475.1_51108_B01_genomic	16809	16780	16591	15722	15661	16091	15258	14870	15202	14551	15003	14228	15924	16057	15116	15464	7479	15605	16198	16715	16823	16722	16525	16583	16512	16665	16530	16693	0	16850
Reference	64	56	55	121	552	128	166	309	533	176	67	119	165	77	147	67	16878	201	641	417	268	398	178	152	272	221	166	208	16850	0
