Character to attribute mapping:
  A: 0.ANT1
  B: 0.ANT2
  C: 0.ANT3
  D: 0.ANT5
  E: 0.PE10
  F: 0.PE2
  G: 0.PE4t
  H: 0.PE5
  I: 0.PE7
  J: 1.ANT1
  K: 1.IN1
  L: 1.IN2
  M: 1.IN3
  N: 1.ORI1
  O: 1.ORI2
  P: 1.ORI3
  Q: 2.ANT1
  R: 2.ANT2
  S: 2.ANT3
  T: 2.MED0
  U: 2.MED1
  V: 2.MED2
  W: 2.MED3
  X: 3.ANT1
  Y: 3.ANT2
  Z: 4.ANT1
  [: ?


Substitution rate (mu): 483.853615

Equilibrium frequencies (pi_i):
  A: 0.0384
  B: 0.0384
  C: 0.0384
  D: 0.0384
  E: 0.0384
  F: 0.0384
  G: 0.0384
  H: 0.0384
  I: 0.0399
  J: 0.0384
  K: 0.0384
  L: 0.0384
  M: 0.0384
  N: 0.0386
  O: 0.0383
  P: 0.0384
  Q: 0.0384
  R: 0.0384
  S: 0.0385
  T: 0.0385
  U: 0.0384
  V: 0.0384
  W: 0.0384
  X: 0.0384
  Y: 0.0384
  Z: 0.0384

Symmetrized rates from j->i (W_ij):
	A	B	C	D	E	F	G	H	I	J	K	L	M	N	O	P	Q	R	S	T	U	V	W	X	Y	Z
  A	0	1.07	1.0447	1.1582	1.0346	1.0452	1.0346	1.1631	1.0363	1.0273	1.0258	1.0252	1.0244	1.0236	1.0167	1.0207	1.0199	1.0199	1.0275	1.0289	1.019	1.019	1.0245	1.0237	1.0237	1.0316
  B	1.07	0	1.1695	1.1597	1.0233	1.0308	1.0233	1.0426	1.031	1.0333	1.0284	1.0266	1.0254	1.0245	1.0175	1.0215	1.0213	1.0213	1.0306	1.0321	1.0201	1.0201	1.0261	1.0296	1.0296	1.0483
  C	1.0447	1.1695	0	1.0749	1.0254	1.0327	1.0254	1.0363	1.0337	1.0484	1.0354	1.031	1.0289	1.0279	1.0206	1.0246	1.0259	1.0259	1.0389	1.0405	1.0237	1.0237	1.0309	1.0446	1.0446	1.0879
  D	1.1582	1.1597	1.0749	0	1.0253	1.0336	1.0253	1.0712	1.0316	1.0285	1.0262	1.0252	1.0244	1.0235	1.0166	1.0206	1.0199	1.0199	1.028	1.0294	1.019	1.019	1.0246	1.0248	1.0248	1.0354
  E	1.0346	1.0233	1.0254	1.0253	0	1.0674	1.3791	1.0647	1.0417	1.0215	1.0205	1.02	1.0193	1.0184	1.0117	1.0156	1.0147	1.0147	1.0221	1.0234	1.014	1.014	1.0193	1.0179	1.0179	1.0246
  F	1.0452	1.0308	1.0327	1.0336	1.0674	0	1.0674	1.082	1.1983	1.0287	1.0276	1.0271	1.0264	1.0256	1.0187	1.0227	1.0218	1.0218	1.0292	1.0306	1.021	1.021	1.0264	1.025	1.025	1.0318
  G	1.0346	1.0233	1.0254	1.0253	1.3791	1.0674	0	1.0647	1.0417	1.0215	1.0205	1.02	1.0193	1.0184	1.0117	1.0156	1.0147	1.0147	1.0221	1.0234	1.014	1.014	1.0193	1.0179	1.0179	1.0246
  H	1.1631	1.0426	1.0363	1.0712	1.0647	1.082	1.0647	0	1.0516	1.0282	1.027	1.0265	1.0257	1.0249	1.018	1.022	1.0211	1.0211	1.0286	1.03	1.0203	1.0203	1.0257	1.0245	1.0245	1.0317
  I	1.0363	1.031	1.0337	1.0316	1.0417	1.1983	1.0417	1.0516	0	1.0299	1.0288	1.0283	1.0276	1.0268	1.0196	1.0237	1.0228	1.0228	1.0305	1.032	1.022	1.022	1.0276	1.0261	1.0261	1.0331
  J	1.0273	1.0333	1.0484	1.0285	1.0215	1.0287	1.0215	1.0282	1.0299	0	1.1585	1.0677	1.0373	1.0295	1.0175	1.0219	1.0211	1.0211	1.0303	1.0318	1.0199	1.0199	1.0258	1.0294	1.0294	1.1687
  K	1.0258	1.0284	1.0354	1.0262	1.0205	1.0276	1.0205	1.027	1.0288	1.1585	0	1.1539	1.062	1.0392	1.017	1.0221	1.0196	1.0196	1.0276	1.0291	1.0187	1.0187	1.0243	1.0245	1.0245	1.074
  L	1.0252	1.0266	1.031	1.0252	1.02	1.0271	1.02	1.0265	1.0283	1.0677	1.1539	0	1.1432	1.0713	1.0179	1.0255	1.019	1.019	1.0266	1.028	1.0182	1.0182	1.0236	1.0228	1.0228	1.043
  M	1.0244	1.0254	1.0289	1.0244	1.0193	1.0264	1.0193	1.0257	1.0276	1.0373	1.062	1.1432	0	1.1721	1.0207	1.037	1.0182	1.0182	1.0256	1.027	1.0174	1.0174	1.0228	1.0216	1.0216	1.0322
  N	1.0236	1.0245	1.0279	1.0235	1.0184	1.0256	1.0184	1.0249	1.0268	1.0295	1.0392	1.0713	1.1721	0	1.4703	1.4163	1.0173	1.0173	1.0248	1.0262	1.0166	1.0166	1.022	1.0206	1.0206	1.0292
  O	1.0167	1.0175	1.0206	1.0166	1.0117	1.0187	1.0117	1.018	1.0196	1.0175	1.017	1.0179	1.0207	1.4703	0	1.0576	1.0105	1.0105	1.0178	1.0192	1.0098	1.0098	1.015	1.0137	1.0137	1.0203
  P	1.0207	1.0215	1.0246	1.0206	1.0156	1.0227	1.0156	1.022	1.0237	1.0219	1.0221	1.0255	1.037	1.4163	1.0576	0	1.0145	1.0145	1.0218	1.0232	1.0137	1.0137	1.019	1.0177	1.0177	1.0245
  Q	1.0199	1.0213	1.0259	1.0199	1.0147	1.0218	1.0147	1.0211	1.0228	1.0211	1.0196	1.019	1.0182	1.0173	1.0105	1.0145	0	1.3671	1.1345	1.0367	1.0141	1.0141	1.0227	1.0215	1.0215	1.0255
  R	1.0199	1.0213	1.0259	1.0199	1.0147	1.0218	1.0147	1.0211	1.0228	1.0211	1.0196	1.019	1.0182	1.0173	1.0105	1.0145	1.3671	0	1.1345	1.0367	1.0141	1.0141	1.0227	1.0215	1.0215	1.0255
  S	1.0275	1.0306	1.0389	1.028	1.0221	1.0292	1.0221	1.0286	1.0305	1.0303	1.0276	1.0266	1.0256	1.0248	1.0178	1.0218	1.1345	1.1345	0	1.0817	1.0248	1.0248	1.0421	1.0411	1.0411	1.0385
  T	1.0289	1.0321	1.0405	1.0294	1.0234	1.0306	1.0234	1.03	1.032	1.0318	1.0291	1.028	1.027	1.0262	1.0192	1.0232	1.0367	1.0367	1.0817	0	1.058	1.058	1.1605	1.0429	1.0429	1.0401
  U	1.019	1.0201	1.0237	1.019	1.014	1.021	1.014	1.0203	1.022	1.0199	1.0187	1.0182	1.0174	1.0166	1.0098	1.0137	1.0141	1.0141	1.0248	1.058	0	1.3625	1.126	1.0176	1.0176	1.0233
  V	1.019	1.0201	1.0237	1.019	1.014	1.021	1.014	1.0203	1.022	1.0199	1.0187	1.0182	1.0174	1.0166	1.0098	1.0137	1.0141	1.0141	1.0248	1.058	1.3625	0	1.126	1.0176	1.0176	1.0233
  W	1.0245	1.0261	1.0309	1.0246	1.0193	1.0264	1.0193	1.0257	1.0276	1.0258	1.0243	1.0236	1.0228	1.022	1.015	1.019	1.0227	1.0227	1.0421	1.1605	1.126	1.126	0	1.0269	1.0269	1.0305
  X	1.0237	1.0296	1.0446	1.0248	1.0179	1.025	1.0179	1.0245	1.0261	1.0294	1.0245	1.0228	1.0216	1.0206	1.0137	1.0177	1.0215	1.0215	1.0411	1.0429	1.0176	1.0176	1.0269	0	1.3898	1.0442
  Y	1.0237	1.0296	1.0446	1.0248	1.0179	1.025	1.0179	1.0245	1.0261	1.0294	1.0245	1.0228	1.0216	1.0206	1.0137	1.0177	1.0215	1.0215	1.0411	1.0429	1.0176	1.0176	1.0269	1.3898	0	1.0442
  Z	1.0316	1.0483	1.0879	1.0354	1.0246	1.0318	1.0246	1.0317	1.0331	1.1687	1.074	1.043	1.0322	1.0292	1.0203	1.0245	1.0255	1.0255	1.0385	1.0401	1.0233	1.0233	1.0305	1.0442	1.0442	0

Actual rates from j->i (Q_ij):
	A	B	C	D	E	F	G	H	I	J	K	L	M	N	O	P	Q	R	S	T	U	V	W	X	Y	Z
  A	0	0.0411	0.0401	0.0445	0.0397	0.0401	0.0397	0.0446	0.0398	0.0394	0.0394	0.0394	0.0393	0.0393	0.039	0.0392	0.0391	0.0391	0.0394	0.0395	0.0391	0.0391	0.0393	0.0393	0.0393	0.0396
  B	0.0411	0	0.0449	0.0445	0.0393	0.0396	0.0393	0.04	0.0396	0.0397	0.0395	0.0394	0.0394	0.0393	0.0391	0.0392	0.0392	0.0392	0.0396	0.0396	0.0392	0.0392	0.0394	0.0395	0.0395	0.0402
  C	0.0402	0.045	0	0.0413	0.0394	0.0397	0.0394	0.0398	0.0397	0.0403	0.0398	0.0396	0.0396	0.0395	0.0392	0.0394	0.0394	0.0394	0.0399	0.04	0.0394	0.0394	0.0396	0.0402	0.0402	0.0418
  D	0.0444	0.0445	0.0413	0	0.0393	0.0397	0.0393	0.0411	0.0396	0.0395	0.0394	0.0393	0.0393	0.0393	0.039	0.0392	0.0391	0.0391	0.0395	0.0395	0.0391	0.0391	0.0393	0.0393	0.0393	0.0397
  E	0.0397	0.0393	0.0394	0.0394	0	0.041	0.053	0.0409	0.04	0.0392	0.0392	0.0392	0.0391	0.0391	0.0388	0.039	0.039	0.039	0.0392	0.0393	0.0389	0.0389	0.0391	0.0391	0.0391	0.0393
  F	0.0401	0.0396	0.0397	0.0397	0.041	0	0.041	0.0416	0.046	0.0395	0.0395	0.0394	0.0394	0.0394	0.0391	0.0393	0.0392	0.0392	0.0395	0.0396	0.0392	0.0392	0.0394	0.0394	0.0394	0.0396
  G	0.0397	0.0393	0.0394	0.0394	0.053	0.041	0	0.0409	0.04	0.0392	0.0392	0.0392	0.0391	0.0391	0.0388	0.039	0.039	0.039	0.0392	0.0393	0.0389	0.0389	0.0391	0.0391	0.0391	0.0393
  H	0.0447	0.0401	0.0398	0.0412	0.0409	0.0416	0.0409	0	0.0404	0.0395	0.0395	0.0394	0.0394	0.0394	0.0391	0.0393	0.0392	0.0392	0.0395	0.0396	0.0392	0.0392	0.0394	0.0394	0.0394	0.0396
  I	0.0413	0.0411	0.0412	0.0411	0.0415	0.0478	0.0415	0.0419	0	0.0411	0.041	0.041	0.041	0.0409	0.0407	0.0408	0.0408	0.0408	0.0411	0.0411	0.0408	0.0408	0.041	0.0409	0.0409	0.0412
  J	0.0394	0.0397	0.0402	0.0395	0.0392	0.0395	0.0392	0.0395	0.0395	0	0.0445	0.041	0.0398	0.0395	0.0391	0.0392	0.0392	0.0392	0.0396	0.0396	0.0391	0.0391	0.0394	0.0395	0.0395	0.0449
  K	0.0394	0.0395	0.0397	0.0394	0.0392	0.0394	0.0392	0.0394	0.0395	0.0445	0	0.0443	0.0408	0.0399	0.039	0.0392	0.0391	0.0391	0.0394	0.0395	0.0391	0.0391	0.0393	0.0393	0.0393	0.0412
  L	0.0393	0.0394	0.0396	0.0393	0.0391	0.0394	0.0391	0.0394	0.0395	0.041	0.0443	0	0.0439	0.0411	0.0391	0.0394	0.0391	0.0391	0.0394	0.0394	0.0391	0.0391	0.0393	0.0392	0.0392	0.04
  M	0.0393	0.0393	0.0395	0.0393	0.0391	0.0394	0.0391	0.0393	0.0394	0.0398	0.0407	0.0438	0	0.045	0.0391	0.0398	0.039	0.039	0.0393	0.0394	0.039	0.039	0.0392	0.0392	0.0392	0.0396
  N	0.0395	0.0395	0.0396	0.0395	0.0393	0.0395	0.0393	0.0395	0.0396	0.0397	0.0401	0.0413	0.0452	0	0.0567	0.0546	0.0392	0.0392	0.0395	0.0396	0.0392	0.0392	0.0394	0.0394	0.0394	0.0397
  O	0.0389	0.039	0.0391	0.0389	0.0388	0.039	0.0388	0.039	0.0391	0.039	0.039	0.039	0.0391	0.0563	0	0.0405	0.0387	0.0387	0.039	0.039	0.0387	0.0387	0.0389	0.0388	0.0388	0.0391
  P	0.0392	0.0392	0.0393	0.0392	0.039	0.0393	0.039	0.0392	0.0393	0.0392	0.0392	0.0394	0.0398	0.0544	0.0406	0	0.039	0.039	0.0392	0.0393	0.0389	0.0389	0.0391	0.0391	0.0391	0.0393
  Q	0.0392	0.0392	0.0394	0.0392	0.039	0.0392	0.039	0.0392	0.0393	0.0392	0.0391	0.0391	0.0391	0.0391	0.0388	0.0389	0	0.0525	0.0436	0.0398	0.0389	0.0389	0.0393	0.0392	0.0392	0.0394
  R	0.0392	0.0392	0.0394	0.0392	0.039	0.0392	0.039	0.0392	0.0393	0.0392	0.0391	0.0391	0.0391	0.0391	0.0388	0.0389	0.0525	0	0.0436	0.0398	0.0389	0.0389	0.0393	0.0392	0.0392	0.0394
  S	0.0395	0.0396	0.04	0.0395	0.0393	0.0396	0.0393	0.0396	0.0396	0.0396	0.0395	0.0395	0.0394	0.0394	0.0391	0.0393	0.0436	0.0436	0	0.0416	0.0394	0.0394	0.0401	0.04	0.04	0.0399
  T	0.0396	0.0397	0.04	0.0396	0.0394	0.0396	0.0394	0.0396	0.0397	0.0397	0.0396	0.0395	0.0395	0.0395	0.0392	0.0394	0.0399	0.0399	0.0416	0	0.0407	0.0407	0.0446	0.0401	0.0401	0.04
  U	0.0391	0.0392	0.0393	0.0391	0.0389	0.0392	0.0389	0.0392	0.0392	0.0392	0.0391	0.0391	0.0391	0.039	0.0388	0.0389	0.0389	0.0389	0.0393	0.0406	0	0.0523	0.0432	0.0391	0.0391	0.0393
  V	0.0391	0.0392	0.0393	0.0391	0.0389	0.0392	0.0389	0.0392	0.0392	0.0392	0.0391	0.0391	0.0391	0.039	0.0388	0.0389	0.0389	0.0389	0.0393	0.0406	0.0523	0	0.0432	0.0391	0.0391	0.0393
  W	0.0393	0.0394	0.0396	0.0393	0.0391	0.0394	0.0391	0.0394	0.0395	0.0394	0.0393	0.0393	0.0393	0.0392	0.039	0.0391	0.0393	0.0393	0.04	0.0446	0.0432	0.0432	0	0.0394	0.0394	0.0396
  X	0.0393	0.0395	0.0401	0.0394	0.0391	0.0394	0.0391	0.0394	0.0394	0.0395	0.0393	0.0393	0.0392	0.0392	0.0389	0.0391	0.0392	0.0392	0.04	0.0401	0.0391	0.0391	0.0394	0	0.0534	0.0401
  Y	0.0393	0.0395	0.0401	0.0394	0.0391	0.0394	0.0391	0.0394	0.0394	0.0395	0.0393	0.0393	0.0392	0.0392	0.0389	0.0391	0.0392	0.0392	0.04	0.0401	0.0391	0.0391	0.0394	0.0534	0	0.0401
  Z	0.0397	0.0403	0.0418	0.0398	0.0394	0.0397	0.0394	0.0397	0.0397	0.0449	0.0413	0.0401	0.0397	0.0396	0.0392	0.0394	0.0394	0.0394	0.0399	0.04	0.0393	0.0393	0.0396	0.0401	0.0401	0

