Character to attribute mapping:
  K: ?
  A: China
  B: Georgia
  C: India
  D: Kenya
  E: Kyrgyzstan
  F: Madagascar
  G: Mongolia
  H: Peru
  I: Russia
  J: United States of America


Substitution rate (mu): 487.294777

Equilibrium frequencies (pi_i):
  A: 0.1956
  B: 0.0917
  C: 0.0935
  D: 0.0952
  E: 0.0836
  F: 0.0967
  G: 0.0751
  H: 0.0951
  I: 0.0785
  J: 0.0951

Symmetrized rates from j->i (W_ij):
	A	B	C	D	E	F	G	H	I	J
  A	0	1.4345	1.3886	1.3464	2.1117	1.3293	3.0738	1.3721	2.3855	1.3619
  B	1.4345	0	0.7879	0.7904	0.8366	0.7923	0.8434	0.792	0.7925	0.7899
  C	1.3886	0.7879	0	0.7848	0.7867	0.7868	0.7958	0.7865	0.789	0.7844
  D	1.3464	0.7904	0.7848	0	0.7905	0.7895	0.886	0.7899	0.7893	0.7869
  E	2.1117	0.8366	0.7867	0.7905	0	0.7922	0.871	0.7915	0.7928	0.789
  F	1.3293	0.7923	0.7868	0.7895	0.7922	0	0.7998	0.9011	0.7907	0.8954
  G	3.0738	0.8434	0.7958	0.886	0.871	0.7998	0	0.7995	0.8252	0.7958
  H	1.3721	0.792	0.7865	0.7899	0.7915	0.9011	0.7995	0	0.7901	0.8298
  I	2.3855	0.7925	0.789	0.7893	0.7928	0.7907	0.8252	0.7901	0	0.7875
  J	1.3619	0.7899	0.7844	0.7869	0.789	0.8954	0.7958	0.8298	0.7875	0

Actual rates from j->i (Q_ij):
	A	B	C	D	E	F	G	H	I	J
  A	0	0.2806	0.2716	0.2634	0.413	0.26	0.6012	0.2684	0.4666	0.2664
  B	0.1315	0	0.0722	0.0724	0.0767	0.0726	0.0773	0.0726	0.0726	0.0724
  C	0.1299	0.0737	0	0.0734	0.0736	0.0736	0.0744	0.0735	0.0738	0.0734
  D	0.1282	0.0753	0.0747	0	0.0753	0.0752	0.0844	0.0752	0.0751	0.0749
  E	0.1766	0.07	0.0658	0.0661	0	0.0663	0.0729	0.0662	0.0663	0.066
  F	0.1285	0.0766	0.0761	0.0763	0.0766	0	0.0773	0.0871	0.0764	0.0865
  G	0.2308	0.0633	0.0598	0.0665	0.0654	0.0601	0	0.06	0.062	0.0598
  H	0.1305	0.0753	0.0748	0.0751	0.0753	0.0857	0.076	0	0.0751	0.0789
  I	0.1872	0.0622	0.0619	0.062	0.0622	0.0621	0.0648	0.062	0	0.0618
  J	0.1295	0.0751	0.0746	0.0748	0.075	0.0851	0.0756	0.0789	0.0749	0

