28
GCA_000169635.1_ASM16963v1_genomic   0.000000000 0.935671959 0.879683783 1.763794016 2.716428956 1.714146913 2.064400584 2.487084950 2.676693212 2.240903865 1.330826780 1.819352313 2.033759718 1.271196778 1.974947783 1.133085302 1.900363365 2.828768120 2.721953146 2.446114239 2.772429364 2.324524757 2.090387115 2.259752173 2.063577944 2.080578481 2.203255598 1.119749777
GCA_000170275.1_ASM17027v1_genomic   0.935671959 0.000000000 0.976157632 1.819023552 2.716609331 1.767967767 2.104423889 2.523110012 2.673045461 2.320877021 1.430514221 1.850295569 2.081182037 1.362064086 2.022944405 1.223323151 1.941612090 2.833058642 2.748283990 2.486596398 2.793498554 2.369318428 2.139812165 2.284709616 2.097113040 2.125383656 2.238502530 1.232049476
GCA_000269145.1_ASM26914v1_genomic   0.879683783 0.976157632 0.000000000 1.778594765 2.731836111 1.728695131 2.073859020 2.501236251 2.687199193 2.282074317 1.363146766 1.833162097 2.047901022 1.301593773 1.990105462 1.152858826 1.922942584 2.851415107 2.746073260 2.454421997 2.777391166 2.342582890 2.101950518 2.269246375 2.081452639 2.070319790 2.216232394 1.159797974
GCA_000320465.1_ASM32046v1_genomic   1.763794016 1.819023552 1.778594765 0.000000000 2.762920001 0.955567334 1.907103832 2.485987354 2.707460479 2.281799351 1.221818968 0.946080765 1.772237048 1.457992576 1.582238653 1.402676051 1.845067362 2.907510314 2.817962804 2.720088587 2.908241349 2.405203086 1.230866108 2.249624372 1.675249520 1.847327141 2.149450833 1.880874322
GCA_000323485.1_ASM32348v1_genomic   2.716428956 2.716609331 2.731836111 2.762920001 0.000000000 2.784434308 2.833684129 2.895450696 0.148161418 2.851306431 2.728148814 2.779892571 2.843436847 2.748700543 2.834255802 2.711251799 2.613402871 3.115967036 3.003794320 3.019155110 3.130635675 2.982133189 2.864192726 2.787068042 2.818378889 2.876393487 2.873384614 2.752096597
GCA_000323505.1_ASM32350v1_genomic   1.714146913 1.767967767 1.728695131 0.955567334 2.784434308 0.000000000 1.819652702 2.565231574 2.730225146 2.193434847 1.168489062 1.133154944 1.690634581 1.397530698 0.951826949 1.347785341 1.796005398 2.930387489 2.852715280 2.563850728 2.941834078 2.150739884 1.697140668 2.200591202 1.859883787 1.752813711 2.071115926 1.827703199
GCA_000323565.1_ASM32356v1_genomic   2.064400584 2.104423889 2.073859020 1.907103832 2.833684129 1.819652702 0.000000000 2.699963638 2.773154252 1.339474706 1.859579948 1.979644624 2.086845562 1.969577470 2.152221212 1.929777818 2.066436092 2.933892196 2.902920610 3.386240959 2.992420565 2.704970322 2.315414918 1.947730206 2.220385833 2.236822109 1.027078091 2.152105363
GCA_000323625.1_ASM32362v1_genomic   2.487084950 2.523110012 2.501236251 2.485987354 2.895450696 2.565231574 2.699963638 0.000000000 2.816443929 2.692800507 2.485618021 2.512217390 2.694015577 2.541163025 2.697644746 2.487664090 2.387941970 3.001225224 2.918810231 3.033510995 3.298939684 2.950806598 2.700923446 2.670277093 2.578193178 2.752779697 2.755090523 2.553998825
GCA_000323845.1_ASM32384v1_genomic   2.676693212 2.673045461 2.687199193 2.707460479 0.148161418 2.730225146 2.773154252 2.816443929 0.000000000 2.777832423 2.678001616 2.714208825 2.781227738 2.699703975 2.785785722 2.668321874 2.580251483 3.021432393 2.935856155 2.930789720 3.050617538 2.923576222 2.796455391 2.727221381 2.754314117 2.812040503 2.813715348 2.703230140
GCA_000323945.1_ASM32394v1_genomic   2.240903865 2.320877021 2.282074317 2.281799351 2.851306431 2.193434847 1.339474706 2.692800507 2.777832423 0.000000000 2.068240642 2.333825167 2.578752266 2.298758696 2.521072595 2.195779720 2.206779114 2.941312493 3.038879630 3.953297733 2.944790594 2.762098688 2.700027172 2.158149163 2.352875625 2.676372129 1.809837611 2.325591335
GCA_000323965.1_ASM32396v1_genomic   1.330826780 1.430514221 1.363146766 1.221818968 2.728148814 1.168489062 1.859579948 2.485618021 2.678001616 2.068240642 0.000000000 1.334914282 1.761366061 0.493099890 1.626117590 0.471138071 1.752458037 2.880263454 2.757582541 2.360023115 2.824478144 2.181842893 1.783458067 2.177244312 1.882660726 1.813429278 2.058205785 1.539162628
GCA_000324065.1_ASM32406v1_genomic   1.819352313 1.850295569 1.833162097 0.946080765 2.779892571 1.133154944 1.979644624 2.512217390 2.714208825 2.333825167 1.334914282 0.000000000 1.825102185 1.560871793 1.701827762 1.502850896 1.882194759 2.919849930 2.790018250 2.727971763 2.999092611 2.449452990 1.740113152 2.213272302 1.916566840 1.937715359 2.115601711 1.931781983
GCA_000324565.1_ASM32456v1_genomic   2.033759718 2.081182037 2.047901022 1.772237048 2.843436847 1.690634581 2.086845562 2.694015577 2.781227738 2.578752266 1.761366061 1.825102185 0.000000000 1.916268652 2.108802742 1.850103810 2.020652325 2.974797943 2.946598089 3.250315464 3.038180557 2.645967805 2.316942536 2.380284716 2.177142157 1.201133558 2.360926983 2.127977465
GCA_000324725.1_ASM32472v1_genomic   1.271196778 1.362064086 1.301593773 1.457992576 2.748700543 1.397530698 1.969577470 2.541163025 2.699703975 2.298758696 0.493099890 1.560871793 1.916268652 0.000000000 1.809800267 0.523244871 1.842386566 2.898287761 2.784131368 2.507697275 2.879888773 2.332627440 1.940387000 2.228986044 1.988728749 1.976168289 2.167523782 1.460886482
GCA_000325305.1_ASM32530v1_genomic   1.974947783 2.022944405 1.990105462 1.582238653 2.834255802 0.951826949 2.152221212 2.697644746 2.785785722 2.521072595 1.626117590 1.701827762 2.108802742 1.809800267 0.000000000 1.715175009 1.980658812 2.979302802 2.953205877 2.922101916 3.064224477 2.572267798 2.186714863 2.352349215 2.123323330 2.202745577 2.361122185 2.078948404
GCA_000325365.1_ASM32536v1_genomic   1.133085302 1.223323151 1.152858826 1.402676051 2.711251799 1.347785341 1.929777818 2.487664090 2.668321874 2.195779720 0.471138071 1.502850896 1.850103810 0.523244871 1.715175009 0.000000000 1.807061517 2.858316008 2.752051136 2.401766512 2.824171711 2.228377196 1.889257648 2.203200961 1.937640188 1.902084142 2.102629087 1.322555551
GCA_000835005.1_ASM83500v1_genomic   1.900363365 1.941612090 1.922942584 1.845067362 2.613402871 1.796005398 2.066436092 2.387941970 2.580251483 2.206779114 1.752458037 1.882194759 2.020652325 1.842386566 1.980658812 1.807061517 0.000000000 2.685436011 2.539503903 2.319995265 2.585949886 2.153533368 2.053328776 2.194451275 2.022136001 2.037877978 2.160334852 1.972847173
GCA_001188795.1_ASM118879v1_genomic  2.828768120 2.833058642 2.851415107 2.907510314 3.115967036 2.930387489 2.933892196 3.001225224 3.021432393 2.941312493 2.880263454 2.919849930 2.974797943 2.898287761 2.979302802 2.858316008 2.685436011 0.000000000 3.164316344 3.149971929 3.236960029 3.132319032 3.019725975 2.909902804 2.966106400 3.009907651 2.991348565 2.859349965
GCA_001294975.1_ASM129497v1_genomic  2.721953146 2.748283990 2.746073260 2.817962804 3.003794320 2.852715280 2.902920610 2.918810231 2.935856155 3.038879630 2.757582541 2.790018250 2.946598089 2.784131368 2.953205877 2.752051136 2.539503903 3.164316344 0.000000000 3.253348260 3.549270845 3.179183245 2.999131164 2.843255329 2.911261314 3.007151702 2.967121078 2.770115511
GCA_002005285.1_ASM200528v1_genomic  2.446114239 2.486596398 2.454421997 2.720088587 3.019155110 2.563850728 3.386240959 3.033510995 2.930789720 3.953297733 2.360023115 2.727971763 3.250315464 2.507697275 2.922101916 2.401766512 2.319995265 3.149971929 3.253348260 0.000000000 3.388405705 3.543631236 3.255859797 2.768476607 2.657184022 2.376464400 3.282601428 2.540695927
GCA_002981895.1_ASM298189v1_genomic  2.772429364 2.793498554 2.777391166 2.908241349 3.130635675 2.941834078 2.992420565 3.298939684 3.050617538 2.944790594 2.824478144 2.999092611 3.038180557 2.879888773 3.064224477 2.824171711 2.585949886 3.236960029 3.549270845 3.388405705 0.000000000 3.335627465 3.113547602 2.883631498 3.020121053 3.110241480 3.050419089 2.825025728
GCA_003074235.1_ASM307423v1_genomic  2.324524757 2.369318428 2.342582890 2.405203086 2.982133189 2.150739884 2.704970322 2.950806598 2.923576222 2.762098688 2.181842893 2.449452990 2.645967805 2.332627440 2.572267798 2.228377196 2.153533368 3.132319032 3.179183245 3.543631236 3.335627465 0.000000000 3.059095220 2.642559824 2.523509169 2.796228256 2.804345831 2.426894952
GCA_003074535.1_ASM307453v1_genomic  2.090387115 2.139812165 2.101950518 1.230866108 2.864192726 1.697140668 2.315414918 2.700923446 2.796455391 2.700027172 1.783458067 1.740113152 2.316942536 1.940387000 2.186714863 1.889257648 2.053328776 3.019725975 2.999131164 3.255859797 3.113547602 3.059095220 0.000000000 2.471414948 2.063817675 2.444405371 2.534454357 2.199212362
GCA_008630435.1_ASM863043v1_genomic  2.259752173 2.284709616 2.269246375 2.249624372 2.787068042 2.200591202 1.947730206 2.670277093 2.727221381 2.158149163 2.177244312 2.213272302 2.380284716 2.228986044 2.352349215 2.203200961 2.194451275 2.909902804 2.843255329 2.768476607 2.883631498 2.642559824 2.471414948 0.000000000 2.349192376 2.435515425 2.099906968 2.316001466
GCA_009670865.1_ASM967086v1_genomic  2.063577944 2.097113040 2.081452639 1.675249520 2.818378889 1.859883787 2.220385833 2.578193178 2.754314117 2.352875625 1.882660726 1.916566840 2.177142157 1.988728749 2.123323330 1.937640188 2.022136001 2.966106400 2.911261314 2.657184022 3.020121053 2.523509169 2.063817675 2.349192376 0.000000000 2.235255023 2.333965987 2.137035531
GCA_015158755.1_ASM1515875v1_genomic 2.080578481 2.125383656 2.070319790 1.847327141 2.876393487 1.752813711 2.236822109 2.752779697 2.812040503 2.676372129 1.813429278 1.937715359 1.201133558 1.976168289 2.202745577 1.902084142 2.037877978 3.009907651 3.007151702 2.376464400 3.110241480 2.796228256 2.444405371 2.435515425 2.235255023 0.000000000 2.490281012 2.179050954
GCA_016102905.1_ASM1610290v1_genomic 2.203255598 2.238502530 2.216232394 2.149450833 2.873384614 2.071115926 1.027078091 2.755090523 2.813715348 1.809837611 2.058205785 2.115601711 2.360926983 2.167523782 2.361122185 2.102629087 2.160334852 2.991348565 2.967121078 3.282601428 3.050419089 2.804345831 2.534454357 2.099906968 2.333965987 2.490281012 0.000000000 2.282077994
Reference                            1.119749777 1.232049476 1.159797974 1.880874322 2.752096597 1.827703199 2.152105363 2.553998825 2.703230140 2.325591335 1.539162628 1.931781983 2.127977465 1.460886482 2.078948404 1.322555551 1.972847173 2.859349965 2.770115511 2.540695927 2.825025728 2.426894952 2.199212362 2.316001466 2.137035531 2.179050954 2.282077994 0.000000000
