{
  "alignment": "/2/scratch/keaton/plague-phylogeography/results/snippy_multi/all/snippy-core_chromosome.snps.filter5.aln",
  "generated_by": {
    "program": "augur",
    "version": "10.3.0"
  },
  "input_tree": "/2/scratch/keaton/plague-phylogeography/results/mugration/all/chromosome_filter5/mugration_model_divtree.nwk",
  "models": {
    "Branch_Major": {
      "alphabet": [
        "0.ANT",
        "0.PE",
        "0.PRE",
        "1.ANT",
        "1.IN",
        "1.ORI",
        "1.PRE",
        "2.ANT",
        "2.MED",
        "3.ANT",
        "4.ANT",
        "NA"
      ],
      "equilibrium_probabilities": [
        [
          0.0,
          1.5037885445295867,
          1.0078882266831843,
          1.0082968512912451,
          1.005492120854075,
          0.9981014341650987,
          1.3303573141370812,
          1.1517077507641005,
          1.1439777247104017,
          1.1557809794292702,
          1.1552736873285956
        ],
        [
          1.5037885445295867,
          0.0,
          1.5174050089270557,
          1.011091748881036,
          1.0083050848738513,
          1.0013575939917916,
          1.008830286052082,
          1.0071787290479557,
          1.0017906676373327,
          1.0105548403713198,
          1.0102034615435023
        ],
        [
          1.0078882266831843,
          1.5174050089270557,
          0.0,
          1.016783279171281,
          1.014041420183748,
          1.0079083584550093,
          1.0144583364718527,
          1.0129873176498112,
          1.0081615483976147,
          1.016204051659247,
          1.0158880768665839
        ],
        [
          1.0082968512912451,
          1.011091748881036,
          1.016783279171281,
          0.0,
          1.3530383436923208,
          1.0083339871646448,
          1.3532189629406717,
          1.013413640582609,
          1.0085745561388295,
          1.016655972118738,
          1.0163389767201552
        ],
        [
          1.005492120854075,
          1.0083050848738513,
          1.014041420183748,
          1.3530383436923208,
          0.0,
          1.5086645818353013,
          1.3489582110822844,
          1.0106709255864625,
          1.0056883218956687,
          1.0139019069185644,
          1.0135763215180744
        ],
        [
          0.9981014341650987,
          1.0013575939917916,
          1.0079083584550093,
          1.0083339871646448,
          1.5086645818353013,
          0.0,
          1.0059270108204434,
          1.0040675771280765,
          0.9981679099373467,
          1.007683626330651,
          1.0072991663264828
        ],
        [
          1.3303573141370812,
          1.008830286052082,
          1.0144583364718527,
          1.3532189629406717,
          1.3489582110822844,
          1.0059270108204434,
          0.0,
          1.1621624182505776,
          1.1553887990113259,
          1.1659663811902188,
          1.1655203621723376
        ],
        [
          1.1517077507641005,
          1.0071787290479557,
          1.0129873176498112,
          1.013413640582609,
          1.0106709255864625,
          1.0040675771280765,
          1.1621624182505776,
          0.0,
          1.389493883254228,
          1.0714172328538876,
          1.0710226531531073
        ],
        [
          1.1439777247104017,
          1.0017906676373327,
          1.0081615483976147,
          1.0085745561388295,
          1.0056883218956687,
          0.9981679099373467,
          1.1553887990113259,
          1.389493883254228,
          0.0,
          1.0656793874409523,
          1.0652395858240344
        ],
        [
          1.1557809794292702,
          1.0105548403713198,
          1.016204051659247,
          1.016655972118738,
          1.0139019069185644,
          1.007683626330651,
          1.1659663811902188,
          1.0714172328538876,
          1.0656793874409523,
          0.0,
          1.4065451601174266
        ],
        [
          1.1552736873285956,
          1.0102034615435023,
          1.0158880768665839,
          1.0163389767201552,
          1.0135763215180744,
          1.0072991663264828,
          1.1655203621723376,
          1.0710226531531073,
          1.0652395858240344,
          1.4065451601174266,
          0.0
        ]
      ],
      "rate": 9.600498680363778
    },
    "Branch_Minor": {
      "alphabet": [
        "0.ANT1",
        "0.ANT2",
        "0.ANT3",
        "0.ANT4",
        "0.ANT5",
        "0.PE10",
        "0.PE2",
        "0.PE4a",
        "0.PE4h",
        "0.PE4m",
        "0.PE4t",
        "0.PE5",
        "0.PE7",
        "0.PE8",
        "0.PRE1",
        "0.PRE2",
        "1.ANT1",
        "1.IN1",
        "1.IN2",
        "1.IN3",
        "1.ORI1",
        "1.ORI2",
        "1.ORI3",
        "1.PRE0",
        "1.PRE1",
        "1.PRE2",
        "1.PRE3",
        "2.ANT1",
        "2.ANT2",
        "2.ANT3",
        "2.MED0",
        "2.MED1",
        "2.MED2",
        "2.MED3",
        "3.ANT1",
        "3.ANT2",
        "4.ANT1",
        "NA"
      ],
      "equilibrium_probabilities": [
        [
          0.0,
          1.0870007518940263,
          1.0349724653971688,
          1.257137117751506,
          1.0868317821038258,
          1.042423401028719,
          1.0411939289965793,
          1.0056313065698042,
          1.0011063523250754,
          1.0167460291538437,
          1.001093144896774,
          1.2617741120917643,
          1.0163863032671203,
          1.1034702418728592,
          1.0045655116718697,
          1.0047166690263705,
          0.9986085893464562,
          0.9986655885231303,
          0.9979522588814963,
          0.9983968133716848,
          0.9960887159428495,
          0.9983242800812209,
          0.998476855014013,
          1.0037908322287183,
          1.0029257867501453,
          0.9986709625989563,
          0.9986096673488919,
          0.9983432080208852,
          1.0003769089895507,
          1.0007521810348656,
          1.0015514909493082,
          0.996956230421987,
          0.9990587284283052,
          0.9993593331470401,
          1.0006071361073738,
          1.0005123047831666,
          1.004179010088144
        ],
        [
          1.0870007518940263,
          0.0,
          1.1845213100231842,
          1.1854796314378708,
          1.3399550308875179,
          1.0059901207464033,
          1.005184008089818,
          1.0012720400182897,
          1.0009656728579832,
          1.002667822190265,
          1.0009523766852664,
          1.0389330932645018,
          1.0027313499286035,
          1.0143487252011265,
          1.0012128278330943,
          1.0013781206938963,
          1.0005858284885334,
          1.0006163016951248,
          1.0000036824036336,
          1.0003143620045374,
          0.9983831195606935,
          1.0002681575784862,
          1.0004007852468362,
          1.0325310924801807,
          1.031684979531475,
          1.000633666665843,
          1.0005809856558727,
          1.0003975743420943,
          1.0154772743786507,
          1.0158707616907197,
          1.0189304066236535,
          1.001244824720052,
          1.0030350479145307,
          1.0075634669682705,
          1.0136230207964267,
          1.013538872591382,
          1.036931414595891
        ],
        [
          1.0349724653971688,
          1.1845213100231842,
          0.0,
          1.0840430228515767,
          1.1843421184797973,
          1.0026668312614935,
          1.0018810947656862,
          1.0007397036314734,
          1.0007626162821657,
          1.001339370435034,
          1.000748999979596,
          1.0154175150306446,
          1.0014403714997948,
          1.0058461199786908,
          1.000760943494834,
          1.000925603627325,
          1.0005326814366793,
          1.0005640542628529,
          0.99994535575483,
          1.0002614140569683,
          0.9983092523056233,
          1.0002142367048505,
          1.0003481337806206,
          1.101060452908039,
          1.0999833872458362,
          1.000609571805296,
          1.0005280967236216,
          1.0004333529641447,
          1.0512498369215761,
          1.051786458382517,
          1.0612691943038344,
          1.007219815418296,
          1.0090747584047581,
          1.0252252996223976,
          1.0435728071973607,
          1.0434791903849192,
          1.11602670775309
        ],
        [
          1.257137117751506,
          1.1854796314378708,
          1.0840430228515767,
          0.0,
          1.1852990143412199,
          1.0183416840090436,
          1.0174111407648188,
          1.003052386656664,
          1.0014309649827358,
          1.0075527211853883,
          1.0014183415774733,
          1.121416884876732,
          1.0074605301437403,
          1.0452702352716559,
          1.0026688052354749,
          1.0028340086159282,
          1.000422761353482,
          1.0004551466050042,
          0.999839546287674,
          1.0001584941212949,
          0.998213104564473,
          1.000110537303056,
          1.0002436456482933,
          1.013182546089371,
          1.012406464767702,
          1.000462095537645,
          1.0004183532478268,
          1.0002060793817584,
          1.0058350103817724,
          1.0061873334773848,
          1.0075748988873852,
          0.9995723313458791,
          1.0013614342971688,
          1.0028657526745326,
          1.0054548534766439,
          1.005372902046228,
          1.0147540106343345
        ],
        [
          1.0868317821038258,
          1.3399550308875179,
          1.1843421184797973,
          1.1852990143412199,
          0.0,
          1.0058808379982673,
          1.0050674836374616,
          1.0011621083825395,
          1.0008583010053802,
          1.0025585925743754,
          1.0008448662351548,
          1.0388059560247307,
          1.002624207028774,
          1.0142357942413416,
          1.0011050926374185,
          1.0012691392569368,
          1.0004774013470208,
          1.0005093462336614,
          0.9998909227340932,
          1.0002091010561835,
          0.9982562757548739,
          1.000161428515901,
          1.000295212013045,
          1.0324087662609156,
          1.0315549570850449,
          1.0005269562790886,
          1.0004728920212023,
          1.0002869265333545,
          1.0153572276835006,
          1.0157531831449864,
          1.0188144879067196,
          1.0011192442840189,
          1.0029284801333627,
          1.007449412404332,
          1.013508070647475,
          1.0134230708462955,
          1.0368027702236053
        ],
        [
          1.042423401028719,
          1.0059901207464033,
          1.0026668312614935,
          1.0183416840090436,
          1.0058808379982673,
          0.0,
          1.0992845123166692,
          1.1232457224410208,
          1.0462571557732818,
          1.264381553997835,
          1.0462920695982718,
          1.1004095087550567,
          1.0434415547017568,
          1.221159328610461,
          1.0157153389194102,
          1.0159076833246143,
          1.0006674667247244,
          1.0006970721251194,
          1.0000844907479876,
          1.000391829365721,
          0.9984628271212129,
          1.0003463865624906,
          1.0004791013532144,
          1.0011214681702738,
          1.000413096938875,
          1.0006929020456212,
          1.0006623493387752,
          1.0004322247684045,
          1.0003753124485737,
          1.0006962265113972,
          1.0010590131634862,
          0.9989838986025814,
          1.0007513460955288,
          1.0004858073824678,
          1.0008630771217468,
          1.0007837167061149,
          1.0008748729758725
        ],
        [
          1.0411939289965793,
          1.005184008089818,
          1.0018810947656862,
          1.0174111407648188,
          1.0050674836374616,
          1.0992845123166692,
          0.0,
          1.0175910529394496,
          1.0060633327229764,
          1.0433703532121128,
          1.0060562116098648,
          1.099091163459872,
          1.2567841402721438,
          1.2204031159827091,
          1.1028264295712022,
          1.1031215930656757,
          0.999896939636395,
          0.9999368304219227,
          0.9992861098882175,
          0.999645075015075,
          0.9975727080365598,
          0.9995894501548619,
          0.9997296956604108,
          1.0003685885539786,
          0.9996116248774887,
          0.9999344165597481,
          0.9998941570069464,
          0.9996472477443976,
          0.9995895518726495,
          0.9999261482178621,
          1.000309689084281,
          0.9981126385177489,
          1.0000055420163505,
          0.9997101601804279,
          1.0000998517539268,
          1.0000149705405383,
          1.0000977039537258
        ],
        [
          1.0056313065698042,
          1.0012720400182897,
          1.0007397036314734,
          1.003052386656664,
          1.0011621083825395,
          1.1232457224410208,
          1.0175910529394496,
          0.0,
          1.2217405403464054,
          1.2639810438006582,
          1.2218720817004376,
          1.0182967787493933,
          1.007496789671048,
          1.045822456077467,
          1.0026214104468214,
          1.00278850333293,
          1.000331566778642,
          1.000365771751458,
          0.9997343937438832,
          1.0000653511737911,
          0.9980671437070634,
          1.0000153013001607,
          1.0001517608977633,
          1.0006132519364679,
          0.9998826115156378,
          1.0003620209891584,
          1.0003274130476068,
          1.0000887845094946,
          0.9999549190193395,
          1.0002831643223487,
          1.0006419285333266,
          0.9985881738752627,
          1.000416344321953,
          1.0001137791802177,
          1.0004656206470928,
          1.000383613443067,
          1.0003273959128243
        ],
        [
          1.0011063523250754,
          1.0009656728579832,
          1.0007626162821657,
          1.0014309649827358,
          1.0008583010053802,
          1.0462571557732818,
          1.0060633327229764,
          1.2217405403464054,
          0.0,
          1.1062208705114984,
          1.3978205104499746,
          1.0066547858248922,
          1.0030380136779984,
          1.0167676337559484,
          1.0012755594771223,
          1.0014415942466337,
          1.0005334165796567,
          1.0005648261898301,
          0.9999452205845677,
          1.0002616999123901,
          0.9983068276335793,
          1.0002144589497592,
          1.000348554234018,
          1.0007900305884048,
          1.000074406583147,
          1.0005605714945267,
          1.0005286270601617,
          1.000295030701308,
          1.000153703964669,
          1.0004768140644393,
          1.0008276202138695,
          0.998820437177787,
          1.0006104071767583,
          1.0003141546170256,
          1.0006582252953664,
          1.0005779065556741,
          1.0005084105187712
        ],
        [
          1.0167460291538437,
          1.002667822190265,
          1.001339370435034,
          1.0075527211853883,
          1.0025585925743754,
          1.264381553997835,
          1.0433703532121128,
          1.2639810438006582,
          1.1062208705114984,
          0.0,
          1.1063045561663767,
          1.0442428417204035,
          1.0183437114778842,
          1.105567555263883,
          1.0064765226931502,
          1.006652229002757,
          1.0004904203926612,
          1.0005224793134313,
          0.9998994692057523,
          1.0002195342566478,
          0.9982523749847066,
          1.0001716217864534,
          1.0003064248977616,
          1.0008168728409812,
          1.0000964071667868,
          1.0005184799139126,
          1.0004858161208452,
          1.0002509371824035,
          1.0001375715561251,
          1.000462509532365,
          1.0008205290730412,
          0.998771729299129,
          1.000572702607917,
          1.0002826051692617,
          1.000640224804735,
          1.0005594073281778,
          1.0005436947781243
        ],
        [
          1.001093144896774,
          1.0009523766852664,
          1.000748999979596,
          1.0014183415774733,
          1.0008448662351548,
          1.0462920695982718,
          1.0060562116098648,
          1.2218720817004376,
          1.3978205104499746,
          1.1063045561663767,
          0.0,
          1.0066483373015462,
          1.0030273597961716,
          1.0167727341169914,
          1.0012627676635526,
          1.0014286445910636,
          1.000519524287533,
          1.0005511224080361,
          0.9999307706955077,
          1.0002482107451922,
          0.9982905742721129,
          1.00020078162998,
          1.000335024941642,
          1.0007765423357058,
          1.000059977125429,
          1.0005468975020668,
          1.0005147747472725,
          1.0002808543639574,
          1.0001395319930295,
          1.0004629541834162,
          1.0008141713596996,
          0.9988045780704364,
          1.000596973594149,
          1.0003001644955871,
          1.0006445009054645,
          1.0005640752943117,
          1.000494466881746
        ],
        [
          1.2617741120917643,
          1.0389330932645018,
          1.0154175150306446,
          1.121416884876732,
          1.0388059560247307,
          1.1004095087550567,
          1.099091163459872,
          1.0182967787493933,
          1.0066547858248922,
          1.0442428417204035,
          1.0066483373015462,
          0.0,
          1.0432135149038535,
          1.2211314041905332,
          1.0154782301985172,
          1.01566507557659,
          1.0004279343199616,
          1.0004602522244022,
          0.9998448491095671,
          1.0001634819170213,
          0.9982188526832103,
          1.0001155881281374,
          1.0002486586671773,
          1.0025318953461062,
          1.0018084355229462,
          1.00045858887741,
          1.000423474280027,
          1.0001946267900792,
          1.0008595975189265,
          1.0011855072544678,
          1.001682325872171,
          0.9988379113196092,
          1.0006190086560507,
          1.0005687625386743,
          1.001238319520835,
          1.0011581241663785,
          1.0025307235892087
        ],
        [
          1.0163863032671203,
          1.0027313499286035,
          1.0014403714997948,
          1.0074605301437403,
          1.002624207028774,
          1.0434415547017568,
          1.2567841402721438,
          1.007496789671048,
          1.0030380136779984,
          1.0183437114778842,
          1.0030273597961716,
          1.0432135149038535,
          0.0,
          1.104034275005035,
          1.2217510756229009,
          1.222147302150138,
          1.0006187965072908,
          1.0006488600938894,
          1.0000373480626352,
          1.000346103323241,
          0.9984192377760411,
          1.000300293150581,
          1.000432720010227,
          1.0009371465912906,
          1.000230824055626,
          1.0006445725346493,
          1.0006137915598343,
          1.0003836592042552,
          1.0002704175158121,
          1.0005900245724058,
          1.0009414852061074,
          0.9989311101128089,
          1.0006961103139027,
          1.0004131914995062,
          1.000765277261396,
          1.0006860569368643,
          1.0006700582939885
        ],
        [
          1.1034702418728592,
          1.0143487252011265,
          1.0058461199786908,
          1.0452702352716559,
          1.0142357942413416,
          1.221159328610461,
          1.2204031159827091,
          1.045822456077467,
          1.0167676337559484,
          1.105567555263883,
          1.0167727341169914,
          1.2211314041905332,
          1.104034275005035,
          0.0,
          1.039247094091853,
          1.0394728996786997,
          1.0007058549983436,
          1.0007347140141045,
          1.0001282698053944,
          1.0004307804793318,
          0.9985226251954622,
          1.0003861822935871,
          1.000517582003124,
          1.0015365044746074,
          1.0008329704866736,
          1.0007309135277884,
          1.0007005463213734,
          1.0004736307483963,
          1.0005807467774892,
          1.0008998063306456,
          1.0012894690823808,
          0.9990614104282503,
          1.0008102871450568,
          1.00059788952847,
          1.001039361970249,
          1.0009607684702753,
          1.0013509247181294
        ],
        [
          1.0045655116718697,
          1.0012128278330943,
          1.000760943494834,
          1.0026688052354749,
          1.0011050926374185,
          1.0157153389194102,
          1.1028264295712022,
          1.0026214104468214,
          1.0012755594771223,
          1.0064765226931502,
          1.0012627676635526,
          1.0154782301985172,
          1.2217510756229009,
          1.039247094091853,
          0.0,
          1.3981185882085854,
          1.0004002628559165,
          1.0004330851747,
          0.9998135576730734,
          1.000135463933567,
          0.9981769923244802,
          1.0000869865144797,
          1.0002209328883087,
          1.0006719648517952,
          0.9999556422193574,
          1.0004291958141271,
          1.0003958842341822,
          1.0001619475227232,
          1.0000282538799363,
          1.0003506143153928,
          1.0007023898421825,
          0.9986892446734794,
          1.0004814232181605,
          1.0001851827345338,
          1.0005302936450615,
          1.0004498942943487,
          1.0003915593481045
        ],
        [
          1.0047166690263705,
          1.0013781206938963,
          1.000925603627325,
          1.0028340086159282,
          1.0012691392569368,
          1.0159076833246143,
          1.1031215930656757,
          1.00278850333293,
          1.0014415942466337,
          1.006652229002757,
          1.0014286445910636,
          1.01566507557659,
          1.222147302150138,
          1.0394728996786997,
          1.3981185882085854,
          0.0,
          1.0005624753176934,
          1.0005939759510218,
          0.9999666218737647,
          1.000285905329775,
          0.9983076197326083,
          1.0002383278582434,
          1.0003741144956781,
          1.0008363205452628,
          1.0001119055414,
          1.0005896098214353,
          1.0005574828417276,
          1.0003210909918478,
          1.0001836997339055,
          1.0005109979497915,
          1.0008673345060874,
          0.9988289082831138,
          1.0006404551078834,
          1.0003427854439142,
          1.000693902761909,
          1.0006126081052873,
          1.0005537059291423
        ],
        [
          0.9986085893464562,
          1.0005858284885334,
          1.0005326814366793,
          1.000422761353482,
          1.0004774013470208,
          1.0006674667247244,
          0.999896939636395,
          1.000331566778642,
          1.0005334165796567,
          1.0004904203926612,
          1.000519524287533,
          1.0004279343199616,
          1.0006187965072908,
          1.0007058549983436,
          1.0004002628559165,
          1.0005624753176934,
          0.0,
          1.3345766336430314,
          0.999834706026123,
          1.0001143219076372,
          0.9981340914675785,
          1.0000651249182406,
          1.0002005088351347,
          1.0006331960024408,
          1.0003686661765374,
          1.3323428301861115,
          1.0008349010717872,
          1.0001400251738515,
          0.9999958766795981,
          1.0003215359505306,
          1.0006753695676083,
          0.9986504686295983,
          1.0004623877131738,
          1.0001598961053064,
          1.0005045161663704,
          1.0004232354892053,
          1.0003459930725236
        ],
        [
          0.9986655885231303,
          1.0006163016951248,
          1.0005640542628529,
          1.0004551466050042,
          1.0005093462336614,
          1.0006970721251194,
          0.9999368304219227,
          1.000365771751458,
          1.0005648261898301,
          1.0005224793134313,
          1.0005511224080361,
          1.0004602522244022,
          1.0006488600938894,
          1.0007347140141045,
          1.0004330851747,
          1.0005939759510218,
          1.3345766336430314,
          0.0,
          1.499743838845043,
          1.0001503355292314,
          0.9981970841258507,
          1.000101300772423,
          1.0002349074698025,
          1.000663001537216,
          1.0004082072330927,
          1.3322833485788057,
          1.0008681104936459,
          1.000176612418539,
          1.0000340077580454,
          1.0003554978787013,
          1.0007046358591392,
          0.9987067440147602,
          1.0004938339555842,
          1.0001958666481439,
          1.0005362238382005,
          1.0004560538550782,
          1.000379917353829
        ],
        [
          0.9979522588814963,
          1.0000036824036336,
          0.99994535575483,
          0.999839546287674,
          0.9998909227340932,
          1.0000844907479876,
          0.9992861098882175,
          0.9997343937438832,
          0.9999452205845677,
          0.9998994692057523,
          0.9999307706955077,
          0.9998448491095671,
          1.0000373480626352,
          1.0001282698053944,
          0.9998135576730734,
          0.9999666218737647,
          0.999834706026123,
          1.499743838845043,
          0.0,
          1.4999848464340961,
          0.9988775351909839,
          0.9994862856617451,
          0.9996260386242345,
          1.0000533353272982,
          0.9992998549407162,
          0.999873766928805,
          0.9997856570093727,
          0.9995384329930063,
          0.9993964134749523,
          0.9997306828054786,
          1.000096937685526,
          0.9979985114572557,
          0.9998877873452054,
          0.9995659226493071,
          0.9999168560597007,
          0.9998321896670498,
          0.9997509142562174
        ],
        [
          0.9983968133716848,
          1.0003143620045374,
          1.0002614140569683,
          1.0001584941212949,
          1.0002091010561835,
          1.000391829365721,
          0.999645075015075,
          1.0000653511737911,
          1.0002616999123901,
          1.0002195342566478,
          1.0002482107451922,
          1.0001634819170213,
          1.000346103323241,
          1.0004307804793318,
          1.000135463933567,
          1.000285905329775,
          1.0001143219076372,
          1.0001503355292314,
          1.4999848464340961,
          0.0,
          1.4976593382799608,
          0.9998204803546021,
          0.999951452118357,
          1.0003604567921975,
          0.999657242773688,
          1.0001463289416013,
          1.0001108569335597,
          0.9998807057958914,
          0.9997444378606934,
          1.0000586201610755,
          1.0004014016067488,
          0.9984386619260092,
          1.000200099919269,
          0.999903210029567,
          1.0002344049144787,
          1.0001554336439695,
          1.000080034197177
        ],
        [
          0.9960887159428495,
          0.9983831195606935,
          0.9983092523056233,
          0.998213104564473,
          0.9982562757548739,
          0.9984628271212129,
          0.9975727080365598,
          0.9980671437070634,
          0.9983068276335793,
          0.9982523749847066,
          0.9982905742721129,
          0.9982188526832103,
          0.9984192377760411,
          0.9985226251954622,
          0.9981769923244802,
          0.9983076197326083,
          0.9981340914675785,
          0.9981970841258507,
          0.9988775351909839,
          1.4976593382799608,
          0.0,
          1.497496418671904,
          1.4977288313421921,
          0.9984403926914854,
          0.9975906000988067,
          0.9981978091490471,
          0.9981364609498872,
          0.9978560859616142,
          0.9977166863024742,
          0.9980809798903263,
          0.9984881621221781,
          0.9961481040619691,
          0.9982862207094587,
          0.9979044937108529,
          0.9982794271261691,
          0.9981838276124818,
          0.9980898098740028
        ],
        [
          0.9983242800812209,
          1.0002681575784862,
          1.0002142367048505,
          1.000110537303056,
          1.000161428515901,
          1.0003463865624906,
          0.9995894501548619,
          1.0000153013001607,
          1.0002144589497592,
          1.0001716217864534,
          1.00020078162998,
          1.0001155881281374,
          1.000300293150581,
          1.0003861822935871,
          1.0000869865144797,
          1.0002383278582434,
          1.0000651249182406,
          1.000101300772423,
          0.9994862856617451,
          0.9998204803546021,
          1.497496418671904,
          0.0,
          0.9999014318888013,
          1.0003149374864806,
          0.999601861949662,
          1.0000981694170392,
          1.0000617728282606,
          0.9998283403244828,
          0.9996907698095131,
          1.00000899377505,
          1.0003564187692533,
          0.9983669197799163,
          1.0001532645872366,
          0.999851671541982,
          1.0001869132101417,
          1.0001068302478835,
          1.000030307012256
        ],
        [
          0.998476855014013,
          1.0004007852468362,
          1.0003481337806206,
          1.0002436456482933,
          1.000295212013045,
          1.0004791013532144,
          0.9997296956604108,
          1.0001517608977633,
          1.000348554234018,
          1.0003064248977616,
          1.000335024941642,
          1.0002486586671773,
          1.000432720010227,
          1.000517582003124,
          1.0002209328883087,
          1.0003741144956781,
          1.0002005088351347,
          1.0002349074698025,
          0.9996260386242345,
          0.999951452118357,
          1.4977288313421921,
          0.9999014318888013,
          0.0,
          1.0004469392326498,
          0.9997417523724274,
          1.0002314695070116,
          1.00019674838171,
          0.9999660527975421,
          0.9998282528831453,
          1.0001440120979603,
          1.0004880727399372,
          0.9985184226321946,
          1.000284338091907,
          0.9999876518171097,
          1.0003209273211648,
          1.000241741641845,
          1.0001662572098524
        ],
        [
          1.0037908322287183,
          1.0325310924801807,
          1.101060452908039,
          1.013182546089371,
          1.0324087662609156,
          1.0011214681702738,
          1.0003685885539786,
          1.0006132519364679,
          1.0007900305884048,
          1.0008168728409812,
          1.0007765423357058,
          1.0025318953461062,
          1.0009371465912906,
          1.0015365044746074,
          1.0006719648517952,
          1.0008363205452628,
          1.0006331960024408,
          1.000663001537216,
          1.0000533353272982,
          1.0003604567921975,
          0.9984403926914854,
          1.0003149374864806,
          1.0004469392326498,
          0.0,
          1.4046719120173976,
          1.0007190432959774,
          1.0006281824573826,
          1.0005221427736917,
          1.0460746935708438,
          1.0465751229885913,
          1.0550124045152272,
          1.0065149852570128,
          1.0083332918938062,
          1.0227889668153076,
          1.0392608149016522,
          1.0391703233104443,
          1.1033887481618685
        ],
        [
          1.0029257867501453,
          1.031684979531475,
          1.0999833872458362,
          1.012406464767702,
          1.0315549570850449,
          1.000413096938875,
          0.9996116248774887,
          0.9998826115156378,
          1.000074406583147,
          1.0000964071667868,
          1.000059977125429,
          1.0018084355229462,
          1.000230824055626,
          1.0008329704866736,
          0.9999556422193574,
          1.0001119055414,
          1.0003686661765374,
          1.0004082072330927,
          0.9992998549407162,
          0.999657242773688,
          0.9975906000988067,
          0.999601861949662,
          0.9997417523724274,
          1.4046719120173976,
          0.0,
          1.4994678804728803,
          1.0019870538642996,
          0.9997827619564624,
          1.0451467300789383,
          1.045664544585874,
          1.0540915414727834,
          1.0056452245389842,
          1.0075938036506542,
          1.0219548052149954,
          1.0383909978573758,
          1.0382944905840228,
          1.1023053897252664
        ],
        [
          0.9986709625989563,
          1.000633666665843,
          1.000609571805296,
          1.000462095537645,
          1.0005269562790886,
          1.0006929020456212,
          0.9999344165597481,
          1.0003620209891584,
          1.0005605714945267,
          1.0005184799139126,
          1.0005468975020668,
          1.00045858887741,
          1.0006445725346493,
          1.0007309135277884,
          1.0004291958141271,
          1.0005896098214353,
          1.3323428301861115,
          1.3322833485788057,
          0.999873766928805,
          1.0001463289416013,
          0.9981978091490471,
          1.0000981694170392,
          1.0002314695070116,
          1.0007190432959774,
          1.4994678804728803,
          0.0,
          1.5002367335658013,
          1.0001732252048583,
          1.00006251560525,
          1.0003833217556546,
          1.000737109430018,
          0.9987149507823337,
          1.000497995462075,
          1.0002122151268273,
          1.000558250922445,
          1.0004782618208838,
          1.0004261689708311
        ],
        [
          0.9986096673488919,
          1.0005809856558727,
          1.0005280967236216,
          1.0004183532478268,
          1.0004728920212023,
          1.0006623493387752,
          0.9998941570069464,
          1.0003274130476068,
          1.0005286270601617,
          1.0004858161208452,
          1.0005147747472725,
          1.000423474280027,
          1.0006137915598343,
          1.0007005463213734,
          1.0003958842341822,
          1.0005574828417276,
          1.0008349010717872,
          1.0008681104936459,
          0.9997856570093727,
          1.0001108569335597,
          0.9981364609498872,
          1.0000617728282606,
          1.00019674838171,
          1.0006281824573826,
          1.0019870538642996,
          1.5002367335658013,
          0.0,
          1.0001362679015249,
          0.9999928367739376,
          1.0003174676537758,
          1.0006702796434028,
          0.9986513816731607,
          1.0004578398128885,
          1.0001563279684622,
          1.0004998683849908,
          1.0004188338604951,
          1.0003418910178377
        ],
        [
          0.9983432080208852,
          1.0003975743420943,
          1.0004333529641447,
          1.0002060793817584,
          1.0002869265333545,
          1.0004322247684045,
          0.9996472477443976,
          1.0000887845094946,
          1.000295030701308,
          1.0002509371824035,
          1.0002808543639574,
          1.0001946267900792,
          1.0003836592042552,
          1.0004736307483963,
          1.0001619475227232,
          1.0003210909918478,
          1.0001400251738515,
          1.000176612418539,
          0.9995384329930063,
          0.9998807057958914,
          0.9978560859616142,
          0.9998283403244828,
          0.9999660527975421,
          1.0005221427736917,
          0.9997827619564624,
          1.0001732252048583,
          1.0001362679015249,
          0.0,
          2.001256360541476,
          1.0007492137572214,
          1.0007493104895038,
          0.998442086921439,
          1.0002931029518352,
          1.0000750734844879,
          1.0003236493067504,
          1.0002406478869852,
          1.0002454518769028
        ],
        [
          1.0003769089895507,
          1.0154772743786507,
          1.0512498369215761,
          1.0058350103817724,
          1.0153572276835006,
          1.0003753124485737,
          0.9995895518726495,
          0.9999549190193395,
          1.000153703964669,
          1.0001375715561251,
          1.0001395319930295,
          1.0008595975189265,
          1.0002704175158121,
          1.0005807467774892,
          1.0000282538799363,
          1.0001836997339055,
          0.9999958766795981,
          1.0000340077580454,
          0.9993964134749523,
          0.9997444378606934,
          0.9977166863024742,
          0.9996907698095131,
          0.9998282528831453,
          1.0460746935708438,
          1.0451467300789383,
          1.00006251560525,
          0.9999928367739376,
          2.001256360541476,
          0.0,
          1.414916284592643,
          1.1338101104135987,
          1.0187404395898798,
          1.0207314555915334,
          1.0579847386666572,
          1.018777083441979,
          1.0186873982081346,
          1.052554321271794
        ],
        [
          1.0007521810348656,
          1.0158707616907197,
          1.051786458382517,
          1.0061873334773848,
          1.0157531831449864,
          1.0006962265113972,
          0.9999261482178621,
          1.0002831643223487,
          1.0004768140644393,
          1.000462509532365,
          1.0004629541834162,
          1.0011855072544678,
          1.0005900245724058,
          1.0008998063306456,
          1.0003506143153928,
          1.0005109979497915,
          1.0003215359505306,
          1.0003554978787013,
          0.9997306828054786,
          1.0000586201610755,
          0.9980809798903263,
          1.00000899377505,
          1.0001440120979603,
          1.0465751229885913,
          1.045664544585874,
          1.0003833217556546,
          1.0003174676537758,
          1.0007492137572214,
          1.414916284592643,
          0.0,
          1.1345908918741556,
          1.0191870569480612,
          1.0211335403031292,
          1.0585316330891237,
          1.0191835490879708,
          1.019095805281887,
          1.053092457448914
        ],
        [
          1.0015514909493082,
          1.0189304066236535,
          1.0612691943038344,
          1.0075748988873852,
          1.0188144879067196,
          1.0010590131634862,
          1.000309689084281,
          1.0006419285333266,
          1.0008276202138695,
          1.0008205290730412,
          1.0008141713596996,
          1.001682325872171,
          1.0009414852061074,
          1.0012894690823808,
          1.0007023898421825,
          1.0008673345060874,
          1.0006753695676083,
          1.0007046358591392,
          1.000096937685526,
          1.0004014016067488,
          0.9984881621221781,
          1.0003564187692533,
          1.0004880727399372,
          1.0550124045152272,
          1.0540915414727834,
          1.000737109430018,
          1.0006702796434028,
          1.0007493104895038,
          1.1338101104135987,
          1.1345908918741556,
          0.0,
          1.1088954937606599,
          1.1111875037870564,
          1.2759466736964062,
          1.0228110956897685,
          1.0227247772045318,
          1.0627963444514918
        ],
        [
          0.996956230421987,
          1.001244824720052,
          1.007219815418296,
          0.9995723313458791,
          1.0011192442840189,
          0.9989838986025814,
          0.9981126385177489,
          0.9985881738752627,
          0.998820437177787,
          0.998771729299129,
          0.9988045780704364,
          0.9988379113196092,
          0.9989311101128089,
          0.9990614104282503,
          0.9986892446734794,
          0.9988289082831138,
          0.9986504686295983,
          0.9987067440147602,
