Character to attribute mapping:
  M: ?
  A: Denmark
  B: England
  C: France
  D: Germany
  E: Italy
  F: Lithuania
  G: Norway
  H: Poland
  I: Russia
  J: Spain
  K: Switzerland
  L: The Netherlands


Substitution rate (mu): 271.220826

Equilibrium frequencies (pi_i):
  A: 0.0809
  B: 0.0855
  C: 0.0935
  D: 0.0692
  E: 0.0801
  F: 0.0824
  G: 0.0805
  H: 0.0816
  I: 0.0917
  J: 0.0821
  K: 0.0889
  L: 0.0836

Symmetrized rates from j->i (W_ij):
	A	B	C	D	E	F	G	H	I	J	K	L
  A	0	1.8198	0.9835	4.757	1.1628	1.5662	1.1402	0.9905	1.3846	0.9714	1.0212	0.9713
  B	1.8198	0	0.9693	1.3244	0.9296	1.1045	0.9892	1.2896	1.5759	0.9347	0.9236	0.9353
  C	0.9835	0.9693	0	0.9424	0.9173	0.9199	1.0207	0.919	1.5855	1.3107	0.9158	1.0083
  D	4.757	1.3244	0.9424	0	1.1912	1.1533	1.0103	1.008	1.0	0.9373	1.3319	0.9374
  E	1.1628	0.9296	0.9173	1.1912	0	0.9157	0.9238	0.9145	0.928	0.9163	0.9121	0.9163
  F	1.5662	1.1045	0.9199	1.1533	0.9157	0	0.9213	1.0697	0.9345	0.9185	0.9161	0.9185
  G	1.1402	0.9892	1.0207	1.0103	0.9238	0.9213	0	0.9194	1.0687	1.0061	0.9173	1.0055
  H	0.9905	1.2896	0.919	1.008	0.9145	1.0697	0.9194	0	0.9383	0.9174	0.9146	0.9174
  I	1.3846	1.5759	1.5855	1.0	0.928	0.9345	1.0687	0.9383	0	1.0363	0.9225	1.3386
  J	0.9714	0.9347	1.3107	0.9373	0.9163	0.9185	1.0061	0.9174	1.0363	0	0.9151	0.9977
  K	1.0212	0.9236	0.9158	1.3319	0.9121	0.9161	0.9173	0.9146	0.9225	0.9151	0	0.9151
  L	0.9713	0.9353	1.0083	0.9374	0.9163	0.9185	1.0055	0.9174	1.3386	0.9977	0.9151	0

Actual rates from j->i (Q_ij):
	A	B	C	D	E	F	G	H	I	J	K	L
  A	0	0.1472	0.0796	0.3848	0.0941	0.1267	0.0922	0.0801	0.112	0.0786	0.0826	0.0786
  B	0.1555	0	0.0828	0.1132	0.0795	0.0944	0.0845	0.1102	0.1347	0.0799	0.0789	0.0799
  C	0.0919	0.0906	0	0.0881	0.0857	0.086	0.0954	0.0859	0.1482	0.1225	0.0856	0.0942
  D	0.329	0.0916	0.0652	0	0.0824	0.0798	0.0699	0.0697	0.0692	0.0648	0.0921	0.0648
  E	0.0931	0.0744	0.0734	0.0954	0	0.0733	0.074	0.0732	0.0743	0.0734	0.073	0.0734
  F	0.1291	0.091	0.0758	0.0951	0.0755	0	0.0759	0.0882	0.077	0.0757	0.0755	0.0757
  G	0.0918	0.0797	0.0822	0.0814	0.0744	0.0742	0	0.074	0.0861	0.081	0.0739	0.081
  H	0.0808	0.1052	0.075	0.0822	0.0746	0.0873	0.075	0	0.0766	0.0748	0.0746	0.0749
  I	0.127	0.1445	0.1454	0.0917	0.0851	0.0857	0.098	0.086	0	0.095	0.0846	0.1228
  J	0.0798	0.0768	0.1077	0.077	0.0753	0.0754	0.0826	0.0754	0.0851	0	0.0752	0.082
  K	0.0908	0.0821	0.0814	0.1184	0.0811	0.0815	0.0816	0.0813	0.082	0.0814	0	0.0814
  L	0.0812	0.0782	0.0843	0.0784	0.0766	0.0768	0.0841	0.0767	0.112	0.0834	0.0765	0

